water_level_grid/30_min/2017-05-25_22-00-00.asc
ncols	139
nrows	120
xllcorner	397074.0
yllcorner	474875.0
cellsize	250.0
NODATA_value	-9
[rows 41 to 81 of 120, columns 0 to 90 of 139]
-9 -9 -9 -9 -9 -9 0.04 0.06 -9 0.03 0.04 0.12 0.08 0.03 -9 -9 0.06 0.12 -9 0.06 0.06 -9 0.03 -9 0.03 -9 -9 -9 -9 -9 -9 0.04 0.07 -9 -9 0.11 0.05 -9 0.03 -9 0.04 0.08 0.09 -9 -9 0.12 0.15 0.52 0.04 -9 -9 0.06 0.33 -9 -9 0.03 0.06 0.11 0.03 0.03 0.24 0.06 0.08 0.03 0.05 0.11 0.04 0.21 0.06 0.04 0.05 0.03 0.06 -9 0.03 0.07 0.03 0.03 0.13 -9 0.06 -9 -9 -9 0.03 0.14 0.03 0.04 0.07 0.38 0.21
-9 -9 -9 -9 -9 -9 0.03 0.21 0.06 -9 0.04 0.07 0.04 -9 0.06 0.05 0.04 0.06 0.04 0.03 -9 -9 0.04 0.05 -9 0.03 0.04 -9 0.03 0.05 0.03 -9 -9 -9 0.05 0.04 0.06 0.03 0.05 0.07 0.05 -9 0.04 0.05 0.04 0.04 0.06 0.03 -9 0.03 0.04 0.06 0.6 0.03 0.05 0.05 0.03 0.07 0.34 0.04 0.43 0.03 0.03 0.03 0.06 0.04 0.03 0.03 -9 0.05 0.08 0.03 0.07 0.03 0.09 0.13 0.06 0.05 0.07 0.03 0.15 0.03 0.1 0.06 0.4 0.42 0.07 0.11 0.04 0.03 -9
-9 -9 -9 -9 -9 -9 0.04 0.03 0.05 0.13 0.28 0.04 -9 0.03 0.08 -9 -9 -9 0.05 -9 0.04 -9 -9 0.09 0.06 -9 0.03 0.03 0.06 0.09 0.05 0.05 0.03 0.09 0.04 -9 0.04 0.22 0.1 0.05 0.09 0.03 -9 0.03 0.19 0.03 0.08 0.06 0.06 0.04 -9 0.03 0.15 0.14 0.07 0.03 0.04 -9 0.2 0.03 0.03 -9 0.06 0.13 0.06 -9 0.06 0.06 -9 0.1 0.26 0.04 0.09 -9 0.04 -9 0.05 0.09 0.18 0.12 0.12 0.23 0.28 0.06 0.05 0.06 0.03 0.08 0.07 -9 0.03
0.08 -9 -9 -9 -9 -9 0.03 -9 0.03 0.06 0.06 -9 -9 -9 0.07 0.05 0.04 0.03 0.05 0.07 -9 0.04 0.03 -9 -9 0.04 0.04 0.03 0.04 0.05 0.04 0.05 -9 -9 0.06 0.04 -9 0.03 0.06 0.04 0.03 0.14 -9 0.04 0.06 0.03 -9 0.03 -9 0.06 0.06 0.04 -9 0.03 0.03 -9 0.06 0.03 0.06 -9 0.03 0.04 0.27 0.1 -9 -9 0.05 0.03 -9 -9 0.04 0.04 -9 0.04 0.04 -9 -9 0.06 0.08 0.06 0.04 0.06 0.04 -9 0.13 0.03 -9 0.09 0.04 0.11 0.03
0.05 -9 -9 -9 -9 -9 0.03 -9 0.03 0.04 0.08 0.05 0.03 -9 0.04 0.07 0.06 0.04 0.11 0.06 -9 0.03 0.07 0.08 0.05 0.1 0.05 0.06 -9 -9 -9 -9 0.08 0.07 0.15 0.07 0.1 -9 0.07 0.06 0.03 0.15 0.14 0.08 0.04 0.04 0.06 0.04 0.03 -9 -9 -9 0.03 0.04 0.04 -9 0.14 0.05 0.18 -9 -9 0.05 -9 -9 -9 0.04 0.04 0.09 0.04 0.04 0.06 0.04 0.05 0.05 0.03 0.04 -9 0.04 0.05 0.03 0.03 0.04 0.06 0.03 0.06 0.07 -9 0.06 0.06 -9 0.03
-9 -9 -9 -9 -9 0.05 0.04 0.06 -9 0.04 0.07 0.16 0.03 0.03 0.05 0.06 0.05 0.09 0.05 0.05 0.05 -9 0.09 0.05 0.05 -9 -9 0.09 -9 0.04 -9 -9 0.03 0.05 0.06 0.04 0.07 0.03 -9 0.05 0.04 0.06 0.05 0.03 0.04 0.03 0.04 0.03 0.04 0.05 0.04 0.04 0.07 0.07 0.03 0.04 -9 -9 0.03 0.03 0.05 0.05 -9 -9 -9 0.03 0.29 0.08 0.08 0.03 0.17 0.14 0.04 0.03 -9 0.1 -9 0.13 0.06 0.04 0.03 -9 0.14 -9 -9 -9 0.03 0.03 0.06 0.03 0.05
-9 0.03 -9 -9 -9 0.11 0.13 0.03 -9 0.04 0.08 -9 0.11 0.07 0.06 0.03 0.04 0.05 -9 0.03 0.1 0.05 0.1 -9 0.05 -9 -9 -9 0.06 0.03 -9 -9 -9 0.03 -9 0.03 0.06 0.04 -9 -9 0.04 0.03 0.03 0.05 0.06 0.04 -9 -9 0.1 0.26 0.16 0.13 0.04 0.19 0.04 -9 0.03 0.03 -9 0.06 0.08 0.04 -9 -9 -9 0.05 0.07 0.03 0.03 -9 0.06 0.03 0.06 0.03 0.05 0.14 0.03 0.04 0.05 0.22 0.07 0.06 0.29 0.13 0.15 0.04 0.05 0.03 0.04 -9 0.15
-9 -9 0.06 0.03 0.05 0.06 -9 -9 -9 -9 0.04 0.15 0.13 0.06 0.05 0.03 0.07 0.03 0.05 0.03 -9 0.04 0.05 0.04 0.03 -9 -9 -9 0.04 -9 0.04 0.03 0.07 0.04 0.05 0.33 0.03 0.04 0.03 0.04 -9 0.13 0.05 0.08 0.12 0.27 0.05 -9 0.05 0.06 0.03 0.06 0.03 -9 0.07 0.18 0.08 0.06 0.04 -9 0.29 0.03 0.03 0.07 0.05 0.04 -9 0.03 0.03 0.07 0.03 0.06 0.03 -9 0.04 0.06 0.04 0.03 0.1 0.19 0.06 0.03 0.04 0.03 0.13 0.18 0.17 0.08 0.06 -9 0.08
-9 -9 0.06 0.07 0.05 0.06 0.05 -9 -9 -9 0.08 0.12 0.08 0.04 0.05 0.06 0.05 0.05 0.08 -9 -9 -9 0.03 0.03 -9 -9 -9 -9 0.04 0.03 0.06 -9 -9 -9 0.03 0.03 0.04 -9 0.18 -9 0.06 0.04 -9 0.06 -9 -9 0.08 0.06 -9 -9 0.04 0.04 0.06 -9 0.07 0.04 0.5 0.05 -9 0.03 0.13 0.05 -9 0.04 0.04 0.07 0.28 0.06 0.09 0.04 -9 0.04 0.03 0.08 -9 -9 0.06 0.04 -9 0.07 0.04 0.03 0.03 0.03 -9 0.03 0.03 0.09 0.03 -9 0.03
-9 -9 -9 0.13 0.31 0.11 0.04 0.04 0.04 -9 0.06 0.06 -9 0.03 0.09 0.18 0.1 0.05 -9 0.06 0.05 0.03 0.09 0.04 0.06 -9 -9 -9 0.04 0.03 0.14 0.05 -9 -9 0.03 0.04 0.07 -9 0.04 0.08 0.05 0.08 0.03 0.18 -9 0.03 0.03 -9 -9 0.05 0.26 0.12 0.07 0.05 -9 0.03 0.04 0.18 0.04 0.05 0.1 -9 -9 0.05 0.07 0.23 0.04 0.04 0.07 0.03 0.03 -9 0.03 0.06 -9 0.03 0.23 0.05 -9 0.07 0.04 -9 0.07 -9 0.04 0.11 0.03 0.03 0.07 -9 0.1
-9 -9 -9 0.03 0.06 0.13 0.07 0.05 0.06 0.03 0.04 0.05 -9 0.03 0.08 0.03 0.06 0.05 -9 0.08 0.03 0.03 0.07 -9 0.04 -9 0.05 0.06 0.06 0.03 -9 0.03 0.06 0.25 0.05 0.03 -9 -9 -9 0.14 0.03 -9 0.06 -9 0.06 0.03 0.1 -9 0.09 -9 0.06 0.03 -9 0.06 0.03 0.03 0.07 0.04 0.15 0.03 0.04 0.03 -9 0.25 0.11 0.05 0.08 0.04 0.03 0.12 0.07 0.04 0.03 0.08 0.06 0.05 0.06 0.09 -9 0.04 0.06 0.03 0.06 0.1 0.09 0.03 0.05 0.03 0.03 -9 0.12
-9 -9 0.06 0.03 0.04 0.06 0.32 0.06 0.05 0.24 0.03 0.03 -9 0.03 0.08 0.03 0.05 0.06 -9 -9 -9 0.04 0.07 -9 0.06 0.07 0.2 0.09 0.03 0.05 0.03 0.04 0.1 0.04 0.03 0.41 0.03 0.03 0.08 0.04 0.03 -9 0.09 0.06 0.03 -9 0.06 0.14 0.17 0.05 0.29 -9 -9 0.03 0.04 -9 -9 0.03 0.06 0.08 -9 0.03 0.06 0.08 -9 0.03 0.53 0.07 0.05 0.03 0.04 0.06 0.05 0.57 0.07 0.04 0.03 0.04 0.04 -9 -9 0.09 0.04 0.07 0.14 0.03 0.22 0.04 0.03 0.06 0.33
-9 -9 0.03 0.03 0.03 0.03 0.05 0.15 0.03 0.11 0.09 0.05 0.06 0.24 0.07 0.03 0.04 0.07 0.07 -9 0.03 -9 0.1 -9 -9 -9 0.08 0.05 0.3 0.1 0.03 -9 0.03 -9 0.06 0.06 0.09 0.03 -9 0.03 0.08 0.03 0.06 0.03 -9 0.05 0.11 -9 -9 0.15 -9 0.07 0.03 0.09 0.32 0.1 0.05 -9 0.03 -9 0.04 -9 0.03 -9 0.03 0.83 0.04 0.03 0.11 -9 0.03 0.03 -9 0.03 0.06 0.04 -9 -9 0.03 -9 -9 -9 0.04 0.07 -9 0.03 0.04 0.03 -9 0.03 0.04
-9 -9 -9 0.03 0.06 -9 0.03 0.06 0.06 0.03 0.09 0.04 0.03 0.09 0.04 -9 -9 0.03 0.06 0.08 0.04 0.12 -9 -9 0.03 -9 0.06 -9 0.03 0.04 0.1 0.03 0.03 0.05 0.03 0.03 0.03 0.1 0.03 0.07 0.03 -9 0.04 -9 0.06 0.07 -9 0.03 0.15 0.14 -9 -9 -9 0.2 0.03 0.11 0.03 -9 -9 0.06 0.3 0.07 0.04 0.05 0.06 0.66 0.06 -9 0.05 0.03 0.1 0.04 0.03 0.03 0.06 0.04 0.03 -9 0.04 0.06 0.04 0.25 0.1 0.03 0.05 0.04 0.08 0.03 0.07 -9 -9
-9 -9 -9 0.06 0.37 0.05 0.09 0.03 0.08 0.04 0.11 0.06 0.04 0.1 0.06 0.06 0.05 0.06 0.09 0.06 0.05 0.07 0.13 0.05 0.03 -9 0.06 0.03 0.03 0.05 0.06 0.03 -9 0.1 -9 -9 0.04 0.06 -9 0.28 0.15 0.09 0.07 -9 -9 0.03 0.09 0.24 0.05 0.03 -9 0.06 0.06 0.03 -9 -9 0.14 0.06 0.04 0.03 -9 0.03 0.06 0.07 0.05 0.05 0.03 -9 -9 0.08 0.04 -9 -9 0.03 0.03 0.03 0.2 0.04 0.03 0.13 0.03 0.06 0.07 0.04 -9 0.05 -9 0.05 -9 0.08 0.06
-9 -9 -9 0.04 0.07 0.16 0.1 0.04 0.04 0.03 0.03 0.05 0.04 0.04 0.04 -9 0.06 0.12 0.04 0.05 -9 0.04 0.11 0.05 0.03 0.04 -9 0.13 0.17 0.1 0.03 -9 0.03 0.14 0.03 0.08 0.06 0.47 0.15 0.03 0.05 0.03 -9 0.04 0.06 0.03 0.22 -9 0.03 0.07 0.1 -9 0.16 0.03 0.03 0.03 0.03 0.03 -9 -9 0.03 0.05 0.36 0.04 0.03 -9 0.03 0.06 0.58 0.08 0.03 -9 -9 0.05 0.04 0.03 0.05 0.03 0.09 0.04 -9 0.03 0.05 0.06 0.06 -9 0.03 0.03 0.07 -9 -9
-9 -9 -9 0.03 -9 0.03 0.1 0.06 0.07 0.06 0.04 0.06 0.08 0.05 0.08 -9 0.04 -9 0.03 0.05 -9 0.06 0.03 -9 0.08 0.05 -9 -9 0.06 0.04 -9 0.05 0.21 0.03 -9 -9 0.03 0.07 0.05 0.03 0.03 0.03 0.03 0.03 0.16 0.12 0.03 0.07 0.03 0.05 -9 -9 0.08 0.06 0.21 0.14 0.05 -9 0.06 0.06 0.06 0.05 0.32 0.1 0.05 0.3 0.15 0.04 0.03 0.15 0.04 0.04 0.05 0.14 0.45 0.06 0.16 0.06 0.11 -9 -9 0.06 0.06 0.04 0.06 0.04 0.06 0.03 0.03 -9 -9
-9 -9 -9 -9 0.03 0.06 0.03 0.1 0.06 0.03 0.05 0.06 0.18 0.03 0.06 0.04 0.06 0.06 0.07 0.05 0.04 -9 0.04 0.03 0.03 -9 0.07 -9 0.08 0.06 0.14 0.07 0.03 -9 0.06 0.07 0.09 0.03 -9 -9 0.03 0.03 0.08 0.06 -9 0.06 -9 0.04 -9 -9 0.03 -9 0.08 0.03 0.03 -9 0.08 -9 0.03 0.07 -9 0.06 0.03 0.03 0.07 -9 0.06 -9 -9 0.06 0.11 -9 0.03 0.03 0.07 0.04 0.05 0.15 0.07 0.03 0.07 0.08 0.18 0.04 0.04 0.06 0.12 0.11 0.32 0.06 0.1
-9 -9 -9 -9 0.09 0.21 0.04 -9 0.09 0.06 0.04 0.04 0.15 0.15 0.09 0.11 0.03 0.07 0.15 0.03 -9 -9 0.11 0.07 0.06 0.06 0.06 0.06 0.03 0.03 0.11 0.05 0.06 0.07 0.06 -9 0.04 -9 0.06 0.04 -9 0.06 0.04 0.13 0.07 0.06 0.03 -9 0.12 0.05 0.15 0.16 0.14 -9 0.05 0.04 0.03 0.04 0.06 0.1 0.11 0.41 0.03 -9 0.11 -9 -9 0.03 -9 0.03 0.06 0.04 -9 0.06 -9 0.03 0.05 1.12 0.06 -9 0.27 0.03 0.23 0.06 -9 0.04 -9 0.05 0.06 0.09 0.05
-9 -9 -9 -9 0.03 0.07 0.09 0.04 0.07 0.04 0.06 0.06 0.07 0.05 0.11 0.03 0.05 0.07 -9 0.04 0.03 -9 0.03 0.06 0.03 0.04 0.06 2.05 2.05 0.55 0.05 0.04 -9 -9 -9 0.05 -9 0.03 0.06 0.07 0.08 0.2 0.09 0.03 -9 0.05 -9 0.06 0.04 0.15 -9 0.03 0.26 0.17 0.03 -9 0.06 0.03 -9 -9 0.04 0.07 0.03 0.03 0.05 0.53 0.03 0.06 0.06 0.13 0.06 0.12 0.03 0.18 -9 -9 0.03 0.33 0.04 0.03 0.04 0.03 -9 0.19 0.03 0.06 0.03 0.04 0.04 0.38 -9
-9 -9 -9 -9 -9 0.04 0.15 0.09 0.04 0.03 0.03 0.04 0.04 0.03 0.06 0.03 0.03 0.03 -9 -9 -9 0.04 -9 0.03 -9 -9 0.04 0.03 2.05 2.05 0.03 0.03 0.05 0.06 0.09 0.03 0.03 0.06 0.1 0.09 0.03 0.12 0.06 0.04 -9 0.06 0.04 -9 0.03 0.07 0.03 -9 0.03 0.04 0.12 0.06 0.08 0.04 -9 0.03 0.06 0.57 0.05 -9 0.03 0.06 0.16 0.29 0.06 -9 0.1 0.04 -9 0.1 -9 0.03 0.03 0.18 0.03 0.06 -9 -9 -9 0.06 0.04 0.04 0.06 0.03 -9 0.09 0.03
-9 -9 -9 -9 -9 0.04 0.04 0.09 0.06 0.04 0.06 0.03 0.07 0.03 0.05 0.03 0.06 0.1 -9 -9 0.2 0.11 0.03 -9 -9 -9 0.03 -9 0.03 2.05 0.04 0.04 -9 -9 0.16 0.03 0.03 0.08 0.03 0.03 -9 0.03 0.08 0.04 -9 0.18 0.08 0.06 -9 -9 0.04 0.37 0.07 0.04 0.08 -9 0.03 -9 0.1 -9 0.28 0.04 0.04 0.05 0.03 0.03 0.03 0.15 0.03 -9 0.03 -9 -9 0.12 0.03 0.03 0.04 0.09 0.29 0.11 0.04 0.03 0.05 0.4 0.34 0.17 0.15 0.04 0.04 0.05 0.04
-9 -9 -9 -9 -9 0.04 0.03 0.05 0.05 0.06 0.06 0.03 0.06 0.06 0.16 0.03 0.05 -9 0.07 0.06 0.03 0.08 0.03 0.03 0.03 0.07 0.05 0.04 0.03 2.04 2.05 0.06 0.09 0.08 0.03 0.03 0.04 0.1 0.03 0.04 -9 -9 0.04 0.06 0.1 0.05 0.03 0.03 -9 0.03 0.12 0.05 0.07 -9 0.07 0.08 0.05 -9 -9 0.06 0.21 0.15 0.04 -9 -9 -9 0.03 0.15 0.04 0.04 0.03 0.03 0.04 0.12 -9 -9 0.04 0.06 -9 -9 0.06 0.04 0.05 0.06 0.06 0.03 -9 0.13 0.04 0.03 0.03
-9 -9 -9 -9 -9 -9 0.03 0.06 0.08 0.09 0.16 -9 0.04 0.26 0.05 0.04 0.14 0.03 0.05 0.04 -9 0.04 -9 0.05 0.08 0.03 0.08 0.03 -9 0.03 2.05 0.04 -9 0.05 0.07 0.05 0.09 0.04 0.37 0.11 0.03 0.04 -9 0.03 0.03 0.09 0.11 0.08 -9 0.07 -9 0.04 0.06 0.05 0.05 0.06 -9 -9 0.05 0.06 0.09 0.03 0.19 0.03 0.12 0.03 0.05 0.33 0.1 -9 0.03 0.04 0.06 0.15 -9 0.03 0.05 0.26 -9 -9 -9 0.03 0.04 -9 0.06 0.03 0.03 0.09 0.05 -9 0.03
-9 -9 -9 -9 -9 -9 -9 0.07 0.06 0.06 0.06 0.07 0.07 -9 0.03 0.03 0.08 0.04 0.04 0.08 -9 0.03 0.03 -9 -9 -9 0.14 0.05 -9 0.05 2.04 2.03 0.03 -9 -9 0.03 0.08 0.03 -9 0.15 0.04 0.03 0.06 -9 0.03 0.08 -9 0.05 0.03 -9 0.03 -9 0.04 -9 -9 0.07 0.06 -9 0.04 0.05 0.11 -9 0.21 0.06 0.04 -9 0.03 0.1 0.06 0.06 -9 0.06 0.1 -9 0.21 0.03 0.08 0.32 -9 -9 0.03 -9 0.07 -9 0.04 0.33 0.04 -9 0.05 0.05 0.04
-9 -9 -9 -9 -9 -9 0.03 0.08 0.03 0.04 0.1 0.14 0.03 0.05 0.05 0.06 0.03 -9 0.09 0.04 -9 0.04 0.38 -9 0.06 0.04 0.07 0.03 -9 0.03 0.03 2.09 2.03 0.04 0.04 -9 0.06 0.03 -9 0.03 0.15 0.1 0.07 0.03 0.03 0.08 0.03 0.03 0.06 0.03 -9 -9 -9 0.07 -9 0.12 0.03 -9 0.03 0.04 0.28 -9 0.15 0.03 -9 -9 0.03 0.13 -9 0.03 0.03 0.03 0.07 0.06 -9 0.13 0.04 0.25 0.03 0.08 0.04 0.33 0.05 -9 0.08 0.03 0.06 -9 0.03 -9 0.06
-9 -9 -9 -9 -9 -9 0.04 0.07 0.03 0.06 0.06 0.04 0.03 0.04 0.6 0.03 0.07 -9 0.07 0.06 -9 0.05 0.05 0.04 0.05 0.03 -9 -9 0.05 0.15 2.04 2.03 2.03 2.03 2.03 0.06 0.07 0.05 0.04 -9 0.05 0.06 0.03 -9 0.03 0.07 0.06 0.06 0.07 -9 0.04 0.03 -9 -9 0.04 0.04 0.03 0.03 0.03 0.03 0.09 0.03 0.05 0.15 0.04 0.05 -9 0.07 0.03 -9 0.03 0.04 -9 0.08 0.08 0.4 0.04 0.06 0.18 -9 0.04 0.06 0.03 0.03 0.05 -9 0.03 0.03 0.03 0.04 0.04
-9 -9 -9 -9 -9 -9 0.03 0.05 0.04 0.05 0.06 -9 0.05 0.68 -9 -9 0.05 -9 -9 0.03 -9 0.5 -9 0.09 0.03 0.03 -9 0.1 0.18 0.06 -9 0.03 0.03 2.03 2.09 0.05 0.05 0.04 0.06 0.03 0.06 0.03 -9 0.03 0.05 0.05 0.27 0.03 0.05 0.07 0.08 0.07 -9 0.07 0.03 0.39 0.03 -9 0.05 0.15 0.05 0.03 0.03 0.06 0.15 0.16 0.05 -9 0.03 0.03 0.1 0.11 0.12 0.09 0.19 0.38 0.03 0.03 0.05 0.12 0.12 0.05 -9 0.05 -9 -9 0.04 0.13 0.4 0.06 0.15
-9 -9 -9 -9 -9 -9 -9 0.03 0.06 0.04 0.05 -9 0.03 -9 -9 0.06 0.1 0.04 -9 0.17 0.09 -9 0.05 0.07 0.12 0.05 0.03 0.09 -9 -9 -9 -9 2.0 0.03 1.99 2.04 0.03 -9 0.07 -9 0.16 0.06 -9 -9 0.03 0.05 0.27 -9 0.03 0.11 0.05 0.08 -9 -9 -9 0.06 0.03 0.03 0.04 0.67 0.06 0.04 0.03 0.1 0.03 0.03 0.05 0.03 0.11 0.07 0.06 0.06 0.06 -9 0.18 0.05 0.03 0.03 0.05 0.34 0.04 0.03 0.04 0.14 0.07 0.05 0.06 0.04 0.04 -9 0.05
-9 -9 -9 -9 -9 -9 -9 0.03 0.08 -9 -9 -9 -9 -9 0.03 0.04 0.05 -9 0.03 -9 0.06 0.1 0.16 0.03 0.03 0.07 0.03 0.08 -9 0.06 0.11 0.1 1.55 2.06 2.06 2.06 2.01 0.04 0.03 0.04 0.15 0.04 0.03 -9 0.03 0.05 0.29 -9 0.03 0.04 0.09 0.09 0.04 0.03 0.03 0.06 0.03 0.05 0.06 0.22 0.03 -9 -9 0.06 0.06 0.04 0.03 0.04 0.03 0.03 0.03 0.04 0.03 0.07 0.23 0.06 0.04 0.03 0.04 0.38 0.03 -9 0.12 0.03 -9 0.03 -9 -9 0.03 0.03 0.12
-9 -9 -9 -9 -9 -9 -9 -9 0.03 -9 0.08 0.06 0.04 0.04 -9 -9 0.03 0.03 0.04 -9 0.05 0.08 0.13 0.06 0.03 -9 -9 0.03 -9 -9 0.03 0.03 0.07 -9 0.03 0.05 2.03 2.04 0.04 0.3 0.09 0.06 0.03 -9 0.04 0.04 0.33 0.06 -9 0.03 0.04 0.05 0.08 0.05 -9 0.04 0.08 0.12 0.15 0.19 0.07 0.05 0.05 -9 0.03 -9 0.03 0.08 -9 0.03 0.04 0.06 0.04 0.17 0.05 0.08 0.03 -9 0.03 0.28 0.03 0.13 0.12 0.08 0.1 0.04 0.04 0.03 0.07 0.03 0.49
-9 -9 -9 -9 -9 -9 -9 0.04 0.03 0.14 0.03 0.07 -9 0.04 0.03 -9 -9 0.05 -9 0.04 -9 0.06 0.05 0.03 0.03 -9 0.06 -9 -9 -9 0.03 0.34 -9 -9 0.04 0.09 0.06 1.58 0.15 0.1 0.05 -9 0.08 0.06 -9 -9 0.15 0.03 0.16 -9 0.03 0.03 0.52 0.03 0.03 -9 0.06 0.03 0.04 0.33 0.04 0.05 0.45 0.03 0.03 0.03 0.03 0.06 0.05 0.03 0.03 0.04 0.2 0.06 0.03 0.1 0.05 0.04 0.07 0.21 0.15 0.15 0.05 0.03 0.09 -9 0.11 0.07 0.12 0.09 0.08
-9 -9 -9 -9 -9 -9 0.05 -9 0.03 0.09 -9 -9 -9 -9 0.15 0.06 0.04 -9 0.11 0.09 0.03 0.27 0.08 0.03 -9 0.03 0.05 0.14 0.03 0.05 0.47 0.04 0.08 -9 -9 0.09 0.04 1.52 -9 0.26 0.06 0.06 -9 0.03 0.03 -9 0.16 0.03 0.04 0.06 -9 0.05 0.11 0.11 0.11 0.03 -9 0.03 0.03 0.23 0.03 -9 0.05 0.21 0.05 -9 0.04 0.15 0.15 0.2 0.18 0.15 0.43 0.05 -9 0.09 -9 0.03 0.03 0.06 0.03 0.04 0.13 -9 0.04 -9 0.03 -9 0.03 0.04 0.15
-9 -9 -9 -9 -9 -9 -9 0.03 0.03 0.05 0.03 0.06 0.03 0.09 0.06 0.07 0.05 0.03 0.06 0.06 -9 0.23 0.04 0.18 0.08 0.04 0.06 0.07 0.15 0.2 0.09 0.03 -9 0.06 0.06 0.06 -9 0.06 0.06 0.05 0.24 0.04 0.03 0.09 0.03 0.12 0.06 -9 -9 0.03 -9 0.04 0.08 -9 0.03 0.06 -9 -9 0.03 0.15 0.17 -9 0.03 0.15 0.09 0.03 0.03 0.08 0.03 0.05 0.03 0.03 0.17 0.06 0.03 0.03 -9 0.03 0.06 0.24 0.04 0.04 0.03 0.09 -9 0.05 -9 0.1 -9 0.04 0.5
-9 -9 -9 -9 -9 -9 -9 -9 0.03 0.04 0.04 0.03 -9 0.09 0.04 0.03 0.17 0.03 -9 0.06 0.07 0.15 -9 0.05 -9 0.03 0.05 -9 -9 0.06 -9 -9 -9 0.31 -9 -9 0.03 0.04 0.29 0.06 0.04 0.15 0.07 0.03 0.03 0.04 0.17 0.06 0.24 0.07 -9 0.03 0.05 0.06 -9 0.33 0.03 0.03 0.06 0.15 0.04 0.07 -9 0.06 0.03 0.12 0.03 0.09 0.03 0.03 -9 0.04 0.12 0.04 0.06 -9 0.06 0.06 0.11 0.03 -9 0.03 -9 0.23 0.07 0.06 -9 0.03 0.03 0.15 -9
-9 -9 -9 -9 -9 -9 -9 -9 0.05 -9 -9 0.15 -9 0.03 -9 0.03 0.08 -9 0.06 0.03 0.03 -9 0.05 0.04 0.03 0.06 0.03 0.03 -9 0.09 0.03 0.28 0.06 0.03 0.03 -9 0.06 0.06 0.06 0.11 -9 0.05 0.06 -9 -9 0.03 0.03 0.06 -9 0.06 0.03 -9 0.11 0.33 -9 0.05 0.1 -9 0.06 0.03 0.15 0.03 0.07 0.06 -9 0.04 0.03 0.11 0.03 0.04 0.07 0.36 0.06 -9 0.03 -9 -9 0.04 0.55 0.06 0.03 0.06 -9 0.03 -9 -9 -9 0.06 0.14 0.06 0.04
-9 -9 -9 -9 -9 -9 -9 -9 0.03 0.03 -9 0.03 0.11 0.06 0.06 -9 0.08 0.04 0.03 0.16 0.04 0.03 0.03 0.03 0.13 0.16 -9 -9 0.06 -9 -9 0.07 0.03 0.03 -9 0.03 0.03 0.03 0.05 0.34 0.04 0.03 -9 0.03 0.05 0.08 -9 0.03 -9 0.03 0.04 0.05 0.03 0.16 0.03 0.04 0.16 0.03 0.03 0.03 0.15 0.04 0.06 0.03 -9 0.15 0.2 0.06 0.03 0.06 0.04 0.15 0.05 0.03 0.07 0.03 0.03 0.06 0.16 0.15 0.06 0.4 0.06 0.06 0.11 0.03 0.06 0.05 0.26 0.03 0.03
-9 -9 -9 -9 -9 -9 -9 -9 -9 -9 0.07 0.06 -9 0.04 0.03 -9 0.04 -9 0.03 0.03 0.07 0.08 0.04 -9 0.03 0.05 0.15 0.03 0.08 -9 -9 0.06 -9 0.05 0.18 0.05 0.03 0.03 0.15 0.29 0.06 0.04 0.03 0.04 0.07 0.03 0.05 0.05 -9 0.03 0.25 0.03 -9 0.06 0.1 -9 0.06 0.05 0.03 0.06 0.09 0.03 -9 0.06 0.06 0.07 0.04 -9 -9 0.03 0.04 0.13 0.28 0.1 0.07 0.03 0.03 0.12 0.09 0.04 0.03 -9 0.15 -9 0.05 -9 0.04 0.04 0.59 0.04 0.03
-9 -9 -9 -9 -9 -9 -9 -9 -9 0.05 0.06 -9 0.07 0.05 0.1 0.06 0.05 0.03 0.03 0.04 0.35 0.03 -9 0.06 0.03 0.03 0.28 0.06 0.29 0.03 -9 0.04 0.06 -9 -9 0.04 0.08 0.21 -9 0.03 0.35 0.26 0.2 0.19 0.15 0.06 -9 0.07 0.03 0.05 0.06 -9 0.06 -9 0.04 -9 0.03 -9 -9 0.03 0.05 0.03 0.04 -9 -9 0.03 -9 0.05 0.03 0.05 0.03 0.11 0.04 0.03 -9 0.04 0.19 -9 0.03 0.07 -9 -9 0.1 0.03 0.03 0.03 0.03 0.19 0.05 0.03 -9
-9 -9 -9 -9 -9 -9 -9 -9 0.06 0.03 0.03 0.04 0.08 0.08 0.04 0.06 -9 0.06 0.23 0.05 0.04 0.08 0.05 -9 0.08 0.03 0.09 0.04 0.07 0.06 0.05 0.14 0.15 0.41 0.06 0.15 0.2 0.06 0.03 0.06 0.16 0.04 0.05 -9 0.03 0.15 0.19 -9 -9 0.13 0.03 0.29 0.04 -9 0.25 0.13 -9 -9 -9 -9 -9 -9 -9 -9 -9 0.05 0.06 0.05 0.06 0.08 0.11 0.4 0.06 0.05 -9 0.05 0.13 -9 0.04 0.28 0.06 -9 0.06 0.09 0.05 -9 0.04 0.15 0.03 0.03 0.03
-9 -9 -9 -9 -9 -9 -9 -9 -9 0.04 0.04 0.03 0.06 -9 -9 0.1 0.12 -9 -9 -9 0.03 0.18 0.15 0.03 0.06 0.15 0.15 0.03 -9 0.03 -9 0.08 -9 0.05 -9 -9 0.06 -9 0.06 0.05 0.22 0.04 -9 0.11 0.04 0.03 0.06 0.08 0.06 0.03 0.03 0.05 -9 -9 0.03 0.05 0.03 -9 -9 -9 -9 -9 -9 -9 -9 -9 0.18 0.06 0.3 0.06 0.03 0.1 0.09 0.03 0.03 0.05 0.09 -9 0.03 0.04 0.03 0.05 0.03 0.71 0.06 -9 -9 0.15 0.03 0.04 0.03
