water_level_grid/30_min/2017-05-25_22-00-00.asc
ncols	139
nrows	120
xllcorner	397074.0
yllcorner	474875.0
cellsize	250.0
NODATA_value	-9
[rows 0 to 40 of 120, columns 0 to 90 of 139]
-9 -9 -9 -9 -9 -9 -9 -9 -9 -9 -9 -9 -9 -9 -9 -9 -9 -9 -9 -9 -9 -9 -9 -9 -9 -9 -9 -9 -9 -9 -9 -9 -9 0.16 0.04 -9 0.07 0.03 0.08 0.03 -9 -9 -9 -9 -9 -9 -9 -9 -9 -9 -9 -9 -9 -9 -9 -9 -9 -9 -9 -9 -9 -9 -9 -9 -9 -9 -9 -9 -9 -9 -9 -9 -9 -9 -9 -9 -9 -9 -9 -9 -9 -9 -9 -9 -9 -9 -9 -9 -9 -9 -9
-9 -9 -9 -9 -9 -9 -9 -9 -9 -9 -9 -9 -9 -9 -9 -9 -9 -9 -9 -9 -9 -9 -9 -9 -9 -9 -9 -9 -9 -9 0.03 -9 0.05 0.03 0.06 -9 0.1 -9 0.09 0.03 -9 -9 -9 -9 -9 -9 -9 -9 -9 -9 -9 -9 -9 -9 -9 -9 -9 -9 -9 -9 -9 -9 -9 -9 -9 -9 -9 -9 -9 -9 -9 -9 -9 -9 -9 -9 -9 -9 -9 -9 -9 -9 -9 -9 -9 -9 -9 -9 -9 -9 -9
-9 -9 -9 -9 -9 -9 -9 -9 -9 -9 -9 -9 -9 -9 -9 -9 -9 -9 -9 -9 -9 -9 -9 -9 -9 -9 -9 -9 -9 0.05 0.14 0.16 0.03 -9 0.09 0.03 0.4 0.07 0.04 0.03 0.03 -9 -9 -9 -9 -9 -9 -9 -9 -9 -9 -9 -9 -9 -9 -9 -9 -9 -9 -9 -9 -9 -9 -9 -9 -9 -9 -9 -9 -9 -9 -9 -9 -9 -9 -9 -9 -9 -9 -9 -9 -9 -9 -9 -9 -9 -9 -9 -9 -9 -9
-9 -9 -9 -9 -9 -9 -9 -9 -9 -9 -9 -9 -9 -9 -9 -9 -9 -9 -9 -9 -9 -9 -9 -9 -9 -9 -9 0.04 -9 -9 0.03 0.25 -9 0.05 0.15 -9 0.03 -9 -9 0.05 0.07 0.03 -9 -9 -9 -9 -9 -9 -9 -9 -9 -9 -9 -9 -9 -9 -9 -9 -9 -9 -9 -9 -9 -9 -9 -9 -9 -9 -9 -9 -9 -9 -9 -9 -9 -9 -9 -9 -9 -9 -9 -9 -9 -9 -9 -9 -9 -9 -9 -9 -9
-9 -9 -9 -9 -9 -9 -9 -9 -9 -9 -9 -9 -9 -9 -9 -9 -9 -9 -9 -9 -9 -9 -9 -9 -9 -9 0.23 0.13 0.06 0.03 -9 -9 0.04 0.03 0.19 -9 0.03 0.15 0.15 0.15 -9 -9 -9 -9 -9 -9 -9 -9 -9 -9 -9 -9 -9 -9 -9 -9 -9 -9 -9 -9 -9 -9 -9 0.06 0.03 -9 -9 -9 -9 -9 -9 -9 -9 -9 -9 -9 -9 -9 -9 -9 -9 -9 -9 -9 -9 -9 -9 -9 -9 -9 -9
-9 -9 -9 -9 -9 -9 -9 -9 -9 -9 -9 -9 -9 -9 -9 -9 -9 -9 -9 -9 -9 -9 -9 -9 -9 -9 -9 -9 0.04 -9 -9 0.04 0.06 0.51 0.11 0.07 0.17 0.03 0.03 0.1 0.04 0.06 0.03 -9 -9 -9 -9 -9 -9 -9 -9 -9 -9 -9 -9 -9 -9 -9 -9 -9 -9 -9 0.03 0.04 0.06 0.13 0.06 -9 -9 -9 -9 -9 -9 -9 -9 -9 -9 -9 -9 -9 -9 -9 -9 -9 -9 -9 -9 -9 -9 -9 -9
-9 -9 -9 -9 -9 -9 -9 -9 -9 -9 -9 -9 -9 -9 -9 -9 -9 -9 -9 -9 -9 -9 -9 0.1 0.03 0.27 0.11 0.03 0.14 0.04 0.03 0.06 -9 -9 0.03 0.15 -9 -9 -9 0.03 0.06 0.03 -9 -9 -9 -9 -9 -9 -9 -9 -9 -9 -9 -9 -9 -9 -9 -9 -9 -9 -9 -9 0.07 -9 0.03 0.44 -9 0.19 0.1 0.06 -9 -9 -9 -9 -9 -9 -9 -9 -9 -9 -9 -9 -9 -9 -9 -9 -9 -9 -9 -9 -9
-9 -9 -9 -9 -9 -9 -9 -9 -9 -9 -9 -9 -9 -9 -9 -9 -9 -9 -9 -9 -9 -9 -9 -9 0.06 0.05 0.06 0.06 -9 -9 0.08 0.14 0.07 0.1 0.06 0.16 0.08 0.03 -9 0.03 0.06 0.03 -9 0.03 0.05 -9 -9 -9 -9 -9 -9 -9 0.04 0.07 0.03 -9 -9 -9 -9 0.03 0.14 0.06 0.03 -9 0.07 0.06 0.04 -9 0.03 0.04 0.03 -9 -9 -9 -9 -9 -9 -9 -9 -9 -9 -9 -9 -9 -9 -9 -9 -9 -9 -9 -9
-9 -9 -9 -9 -9 -9 -9 -9 -9 -9 -9 -9 -9 -9 -9 -9 -9 -9 -9 -9 -9 -9 -9 -9 0.19 0.03 0.06 0.03 -9 0.05 0.07 -9 0.06 0.19 0.19 0.03 0.03 0.12 0.06 0.53 0.15 0.12 0.14 0.21 0.09 0.04 0.03 0.04 -9 -9 -9 -9 0.07 0.06 0.03 -9 -9 0.06 -9 0.03 0.13 0.06 0.03 0.03 0.33 0.03 0.03 -9 0.04 0.03 0.16 -9 -9 -9 -9 -9 -9 -9 -9 -9 -9 -9 -9 -9 -9 -9 -9 -9 -9 -9 -9
-9 -9 -9 -9 -9 -9 -9 -9 -9 -9 -9 -9 -9 -9 -9 -9 -9 -9 -9 -9 -9 -9 -9 0.06 0.03 -9 0.11 -9 0.15 0.06 -9 0.03 0.37 0.1 0.06 0.03 -9 -9 -9 0.03 0.03 0.15 0.04 -9 0.03 -9 -9 0.08 -9 0.04 0.03 0.06 0.54 0.06 0.06 0.03 0.06 0.09 -9 0.06 0.28 0.03 -9 0.03 0.09 0.03 -9 0.03 0.04 0.03 0.06 -9 -9 -9 -9 -9 -9 -9 -9 -9 -9 -9 -9 -9 -9 -9 -9 -9 -9 -9 -9
-9 -9 -9 -9 -9 -9 -9 -9 -9 -9 -9 -9 -9 -9 -9 -9 -9 -9 -9 -9 -9 -9 -9 0.06 0.04 -9 0.05 0.07 0.15 0.09 0.03 0.03 0.16 0.14 0.04 0.06 0.05 0.35 0.08 0.03 -9 -9 -9 0.06 -9 0.06 0.03 0.05 0.13 0.06 0.03 0.04 0.15 -9 0.03 -9 0.03 0.15 0.03 0.03 0.06 0.43 0.03 -9 0.35 0.09 0.09 0.1 0.03 0.12 -9 -9 0.06 -9 -9 -9 -9 -9 -9 -9 -9 -9 -9 -9 -9 -9 -9 -9 -9 -9 -9
-9 -9 -9 -9 -9 -9 -9 -9 -9 -9 -9 -9 -9 -9 -9 -9 -9 -9 -9 -9 -9 -9 -9 0.15 0.03 0.03 0.04 0.15 -9 -9 0.03 0.03 0.18 0.07 -9 0.26 0.04 0.03 0.06 0.03 0.04 0.06 -9 0.06 -9 -9 0.05 0.12 0.06 -9 0.03 -9 0.06 -9 0.06 0.03 -9 0.19 -9 0.03 0.03 0.06 0.04 0.03 0.06 -9 0.03 -9 0.03 0.12 0.03 0.06 -9 -9 0.04 0.06 -9 -9 -9 -9 -9 -9 -9 -9 -9 -9 -9 -9 -9 -9 -9
-9 -9 -9 -9 -9 -9 -9 -9 -9 -9 -9 -9 -9 -9 -9 -9 -9 -9 -9 -9 -9 -9 0.19 0.06 0.04 0.03 0.05 0.22 0.06 0.03 -9 0.03 0.19 0.04 0.04 0.05 0.03 -9 -9 -9 0.03 0.1 0.03 0.13 0.04 0.03 0.12 0.57 0.03 0.03 -9 0.03 0.23 -9 0.06 0.04 0.03 0.15 0.03 -9 0.07 0.04 0.1 -9 0.14 0.06 -9 0.03 0.06 0.23 0.14 0.12 0.03 0.3 0.08 0.03 -9 0.04 -9 -9 -9 -9 -9 -9 -9 -9 -9 -9 -9 -9 -9
-9 -9 -9 -9 -9 -9 -9 -9 -9 -9 -9 -9 -9 -9 -9 -9 -9 -9 -9 -9 -9 -9 0.06 0.03 -9 0.06 0.03 0.06 0.15 0.04 0.03 0.05 0.14 0.09 0.08 0.06 0.03 -9 -9 0.04 0.03 0.11 0.03 -9 0.09 0.15 0.03 0.06 0.05 0.03 0.08 -9 0.06 -9 0.03 0.1 0.15 0.15 0.05 0.03 -9 -9 0.04 0.16 0.05 -9 -9 0.03 0.15 0.03 -9 0.04 0.04 -9 -9 0.04 0.03 0.03 0.04 -9 -9 -9 -9 -9 -9 -9 -9 -9 -9 -9 -9
-9 -9 -9 -9 -9 -9 -9 -9 -9 -9 -9 -9 -9 -9 -9 -9 -9 -9 -9 -9 -9 0.06 0.06 0.03 0.05 0.11 0.03 -9 0.06 0.17 0.09 0.1 0.11 0.04 -9 0.13 0.03 0.03 0.03 0.06 0.03 0.11 0.03 -9 0.15 -9 -9 -9 0.03 -9 0.03 0.05 0.14 0.03 0.03 0.67 0.03 0.06 0.03 0.05 0.09 0.13 0.42 0.05 -9 0.05 0.04 0.04 0.59 0.06 0.07 0.03 0.03 0.06 0.21 0.05 0.06 0.06 0.06 -9 -9 -9 -9 -9 -9 -9 -9 -9 -9 -9 -9
-9 -9 -9 -9 -9 -9 -9 -9 -9 -9 -9 -9 -9 -9 -9 -9 -9 -9 -9 -9 0.12 0.22 0.06 0.03 0.04 0.15 0.04 0.06 0.04 0.12 0.2 0.08 0.05 0.03 -9 0.23 0.06 0.05 -9 0.19 -9 0.41 0.07 0.74 0.15 0.12 0.06 0.07 0.12 -9 0.05 0.06 0.36 -9 0.06 0.06 -9 -9 0.03 -9 0.06 -9 0.03 0.15 0.06 -9 0.06 0.05 0.06 -9 -9 -9 0.23 0.05 -9 -9 0.06 0.08 0.14 -9 -9 -9 -9 -9 -9 -9 -9 -9 -9 -9 -9
-9 -9 -9 -9 -9 -9 -9 -9 -9 -9 -9 -9 -9 -9 -9 -9 -9 -9 -9 -9 0.04 0.16 0.09 0.06 -9 0.11 0.15 0.23 0.12 0.27 0.06 0.06 0.16 0.05 0.08 0.26 0.14 0.05 0.04 0.03 -9 0.06 -9 0.03 0.04 0.03 0.17 0.03 0.04 0.05 0.04 0.06 0.06 0.04 0.15 0.04 0.14 0.06 -9 0.06 -9 0.03 -9 -9 0.22 0.07 0.03 0.09 0.05 0.03 0.04 0.03 0.06 -9 0.05 0.03 0.03 0.04 0.42 0.04 -9 -9 -9 -9 -9 -9 -9 -9 -9 -9 -9
-9 -9 -9 -9 -9 -9 -9 -9 -9 -9 -9 -9 -9 -9 -9 -9 -9 -9 -9 -9 0.04 0.06 0.1 0.04 0.03 0.03 0.06 -9 0.03 0.06 0.03 0.04 0.1 0.23 0.06 0.06 0.2 0.05 0.06 0.05 0.15 0.11 0.05 0.03 0.06 0.03 0.09 0.03 -9 -9 0.03 0.03 0.1 0.17 0.12 -9 0.03 0.03 -9 0.03 0.07 0.24 0.04 0.03 0.15 0.06 -9 0.09 0.03 -9 0.06 0.15 0.06 -9 -9 0.08 0.03 -9 0.15 0.03 -9 -9 -9 -9 -9 -9 -9 -9 -9 -9 -9
-9 -9 -9 -9 -9 -9 -9 -9 -9 -9 -9 -9 -9 -9 -9 -9 -9 -9 -9 -9 0.03 0.05 0.09 0.15 0.03 0.06 0.22 0.05 -9 0.03 -9 -9 0.03 0.04 0.03 0.05 0.15 0.16 0.33 0.15 0.03 -9 0.03 -9 0.03 -9 0.03 0.03 -9 -9 0.04 0.05 0.65 -9 0.03 0.19 0.1 0.06 0.04 -9 0.04 0.03 0.1 0.11 0.04 0.36 0.06 0.06 0.03 0.05 0.49 0.05 0.03 0.05 0.04 0.07 0.04 0.07 0.03 -9 -9 -9 -9 -9 -9 -9 -9 -9 -9 -9 -9
-9 -9 -9 -9 -9 -9 -9 -9 -9 -9 -9 -9 -9 -9 -9 -9 -9 -9 -9 -9 0.15 0.03 0.07 0.04 0.03 -9 0.07 0.05 0.07 0.03 -9 0.06 0.03 -9 0.04 0.05 0.11 0.03 0.1 0.05 0.03 0.03 0.03 0.03 0.05 -9 0.06 0.06 0.08 0.03 -9 0.06 0.06 0.04 -9 0.03 0.04 0.11 0.14 0.03 0.06 -9 0.04 -9 -9 0.06 0.23 0.15 0.11 0.06 0.03 0.06 -9 0.03 0.05 0.08 0.1 0.07 0.03 -9 0.05 0.03 -9 -9 -9 -9 -9 -9 -9 -9 -9
-9 -9 -9 -9 -9 -9 -9 -9 -9 -9 -9 -9 -9 -9 -9 0.03 0.1 0.04 -9 -9 -9 -9 0.24 0.04 -9 0.03 0.04 0.13 0.18 -9 0.06 0.37 0.06 -9 -9 0.03 0.11 0.04 0.05 0.2 0.12 0.18 0.08 0.05 0.29 0.03 -9 0.08 0.04 0.03 0.03 0.15 -9 -9 -9 0.03 -9 -9 -9 -9 0.05 0.06 -9 0.03 -9 -9 0.5 -9 -9 -9 0.03 0.03 -9 0.04 -9 0.03 0.2 0.15 0.29 0.17 0.15 0.18 0.03 0.16 -9 0.21 0.06 0.06 0.04 0.03 -9
-9 -9 -9 -9 -9 -9 -9 -9 -9 -9 -9 -9 -9 -9 -9 -9 0.12 0.09 -9 0.05 0.05 0.04 0.14 0.06 0.03 0.04 0.06 0.13 0.07 0.04 0.15 -9 -9 0.03 -9 -9 0.06 0.2 0.04 0.03 -9 0.03 0.06 0.03 0.08 0.03 0.06 0.15 0.37 0.09 0.03 0.36 0.04 0.03 0.04 0.03 0.08 0.08 0.06 0.03 0.06 0.42 0.12 0.21 0.06 -9 0.05 0.04 0.06 0.05 0.03 0.05 0.05 0.13 0.04 0.04 0.53 -9 -9 0.03 0.05 0.05 0.29 0.15 0.13 0.03 0.17 0.1 0.09 0.07 0.04
-9 -9 -9 -9 -9 -9 -9 -9 -9 -9 -9 -9 -9 -9 0.05 -9 0.04 0.11 -9 0.03 0.06 0.09 0.12 0.03 0.19 0.13 0.27 -9 0.03 0.1 0.06 0.03 0.04 0.17 0.05 -9 0.04 0.4 0.15 0.03 -9 0.03 -9 0.03 0.03 -9 0.03 -9 0.03 0.1 0.03 0.06 0.03 0.35 0.12 -9 0.51 -9 -9 -9 0.06 0.03 0.04 0.05 0.04 0.11 0.03 0.14 0.07 0.06 -9 0.09 0.04 0.03 0.06 0.09 0.07 -9 0.03 -9 0.03 0.03 0.03 -9 0.21 -9 0.03 0.03 -9 -9 0.04
-9 -9 -9 -9 -9 -9 -9 -9 -9 -9 -9 -9 -9 -9 0.05 0.03 0.03 0.11 0.03 0.03 0.06 0.21 -9 0.06 0.06 0.03 0.06 0.06 0.03 0.05 -9 0.03 0.36 0.08 -9 -9 0.03 0.06 0.2 0.09 0.06 0.06 0.04 0.06 0.08 0.04 -9 0.03 -9 0.06 0.2 -9 -9 0.03 -9 0.06 0.11 0.08 0.06 0.06 -9 0.03 -9 -9 0.03 -9 0.15 0.1 0.03 -9 0.03 0.03 0.14 0.03 0.03 0.12 0.17 0.15 0.25 0.16 0.04 0.03 -9 0.03 0.09 0.07 0.04 -9 0.05 0.03 -9
-9 -9 -9 -9 -9 -9 -9 -9 -9 -9 -9 -9 -9 -9 0.06 -9 0.1 0.12 0.06 0.04 0.11 0.07 0.04 0.03 0.03 0.03 0.15 0.04 0.04 0.1 0.26 0.06 0.04 0.07 0.04 0.06 0.09 0.13 0.06 0.24 0.03 0.03 -9 0.03 0.13 0.03 0.03 0.03 0.15 0.16 0.04 0.15 0.14 0.05 0.03 0.03 -9 0.06 0.03 -9 0.03 0.2 0.06 0.03 -9 0.03 0.73 0.03 0.03 0.07 -9 -9 -9 0.06 0.24 0.16 0.05 0.03 0.04 0.03 0.3 0.06 0.03 -9 0.03 0.06 0.03 -9 0.1 0.04 0.04
-9 -9 -9 -9 -9 -9 -9 -9 -9 -9 -9 -9 -9 -9 0.04 0.03 0.04 0.04 0.15 0.16 0.11 0.06 0.13 0.05 -9 0.06 0.04 0.22 -9 0.09 0.03 0.07 -9 -9 0.04 0.04 0.06 0.03 0.04 0.15 0.1 0.05 0.03 0.03 0.09 0.03 0.03 0.26 0.53 -9 0.03 0.06 0.08 0.05 0.36 0.05 -9 -9 0.03 0.03 0.06 -9 0.06 0.11 0.06 0.17 0.16 -9 0.12 0.07 -9 0.04 0.03 0.2 0.11 0.05 0.05 0.09 0.04 -9 0.03 0.15 0.03 -9 -9 0.04 0.03 0.03 0.09 0.03 0.06
-9 -9 -9 -9 -9 -9 -9 -9 -9 -9 -9 -9 -9 -9 0.03 -9 0.03 0.05 0.25 0.1 0.05 0.12 0.07 0.06 0.05 0.04 -9 0.07 0.03 -9 -9 0.26 0.16 0.06 0.05 0.03 0.03 -9 0.05 0.07 0.07 0.05 0.03 0.13 0.52 0.15 0.09 0.04 0.06 -9 -9 0.09 0.04 -9 0.04 0.07 -9 0.05 0.08 0.03 0.04 0.04 -9 0.03 0.12 0.03 0.09 0.03 0.11 0.03 0.03 0.06 0.23 0.06 -9 -9 -9 0.03 0.03 0.03 0.05 0.15 0.07 0.1 0.05 0.05 0.05 0.07 0.05 -9 -9
-9 -9 -9 -9 -9 -9 -9 -9 -9 -9 -9 -9 -9 -9 -9 0.04 -9 0.04 0.09 0.05 0.04 0.03 0.06 -9 0.04 0.06 0.09 0.25 0.06 0.03 0.06 0.06 0.09 0.15 0.11 0.06 -9 0.03 0.05 0.04 0.06 0.34 0.15 0.06 0.04 0.03 0.06 -9 0.37 -9 -9 0.03 0.06 0.03 -9 0.03 0.04 0.06 0.22 0.03 0.06 0.06 0.03 0.04 0.03 -9 0.08 0.17 -9 0.03 0.07 0.26 0.05 -9 0.03 0.14 0.16 0.1 0.06 0.05 0.06 0.09 0.03 -9 -9 0.06 0.49 0.3 0.06 -9 0.03
-9 -9 -9 -9 -9 -9 -9 -9 -9 -9 -9 -9 -9 0.04 0.05 -9 -9 -9 0.15 0.04 0.07 0.03 -9 0.06 0.13 0.03 0.06 0.03 0.06 0.03 -9 0.14 0.03 0.05 0.04 0.03 -9 0.04 0.08 0.04 0.03 0.03 -9 0.06 0.03 -9 0.12 -9 0.08 0.08 0.07 -9 0.04 -9 0.05 0.03 -9 0.03 -9 0.1 0.28 0.03 -9 0.1 0.05 0.03 -9 0.27 -9 0.04 0.29 0.05 0.04 0.15 0.08 0.03 0.03 -9 0.03 0.03 0.03 0.06 0.03 -9 0.03 0.03 0.06 -9 0.05 0.16 0.53
-9 -9 -9 -9 -9 -9 -9 -9 -9 -9 -9 -9 -9 0.03 0.04 0.08 0.08 0.04 0.04 0.04 0.05 0.05 0.1 0.09 0.06 0.06 -9 -9 0.19 0.08 0.09 0.06 0.03 -9 0.04 0.08 0.24 0.04 0.18 0.03 -9 0.04 -9 -9 -9 -9 0.05 0.03 0.06 -9 -9 -9 0.03 0.13 0.03 -9 0.07 0.03 -9 -9 0.15 0.03 -9 0.03 0.06 0.03 0.05 0.06 -9 0.16 0.2 0.08 0.07 0.03 0.15 -9 -9 -9 0.03 -9 0.04 0.05 0.03 0.04 0.03 -9 -9 0.03 -9 0.06 0.03
-9 -9 -9 -9 -9 -9 -9 -9 -9 -9 -9 -9 -9 0.05 0.03 -9 0.11 0.03 -9 -9 -9 0.03 0.16 0.07 0.03 0.03 0.06 -9 -9 0.09 0.23 -9 -9 -9 -9 0.11 0.04 0.03 0.08 -9 0.04 0.07 -9 -9 0.03 0.06 0.03 0.03 -9 0.03 0.06 0.22 0.04 0.13 -9 0.03 0.1 0.06 0.04 0.05 0.15 0.43 0.06 0.09 0.4 0.05 0.2 0.03 -9 0.25 -9 -9 0.03 -9 0.03 0.06 -9 0.06 0.08 0.03 0.05 0.04 -9 0.14 0.06 0.04 0.07 0.15 0.06 0.34 0.04
-9 -9 -9 -9 -9 -9 -9 -9 -9 -9 -9 -9 -9 0.06 -9 0.03 0.1 0.05 0.06 0.07 0.06 0.03 0.05 0.1 0.07 0.07 0.09 0.06 0.03 0.04 0.07 0.04 -9 0.05 0.03 0.03 0.06 0.09 0.06 0.06 0.42 0.13 0.09 0.06 0.63 0.1 0.09 0.09 -9 0.03 -9 0.03 -9 0.13 0.04 0.03 0.03 0.39 0.05 -9 0.04 -9 0.04 0.04 0.04 0.03 0.23 0.03 0.04 0.4 0.15 0.18 0.15 0.07 0.05 -9 0.03 0.03 0.13 0.03 0.14 0.14 0.16 0.06 -9 -9 0.03 -9 -9 0.06 0.07
-9 -9 -9 -9 -9 -9 -9 -9 -9 -9 -9 -9 -9 -9 -9 0.04 0.03 0.04 -9 -9 0.17 0.12 0.03 0.17 0.06 0.23 0.09 0.2 0.08 0.32 0.17 0.03 0.07 0.07 0.06 0.19 0.1 0.25 0.03 0.13 0.08 0.03 -9 0.04 0.15 -9 -9 0.06 0.05 0.04 0.13 0.07 -9 0.03 0.27 0.04 0.09 0.03 0.03 -9 -9 0.03 0.03 0.03 0.03 0.03 0.06 0.03 0.14 0.06 0.04 0.06 0.05 0.14 0.07 0.06 0.03 -9 0.13 0.55 0.05 -9 -9 0.03 0.04 -9 0.05 0.06 0.03 0.14 0.03
-9 -9 -9 -9 -9 -9 -9 -9 -9 -9 -9 -9 -9 0.03 0.14 0.04 0.03 0.06 -9 0.05 0.06 0.04 0.03 0.06 0.03 0.03 0.06 0.03 0.06 0.05 0.06 0.22 0.16 0.04 -9 0.06 0.04 0.07 0.04 0.08 0.03 0.03 -9 -9 0.03 0.11 0.11 0.06 0.03 0.03 -9 -9 0.19 0.07 0.07 0.41 0.23 0.03 0.04 0.03 -9 0.06 0.03 0.06 0.11 -9 0.03 0.16 0.07 0.03 -9 0.05 -9 0.05 0.06 -9 0.03 0.04 0.14 0.03 0.05 0.04 -9 0.05 0.08 -9 -9 0.06 0.28 0.04 0.06
-9 -9 -9 -9 -9 -9 -9 -9 -9 -9 -9 -9 -9 0.05 0.06 0.06 0.07 -9 -9 -9 0.09 0.06 0.06 0.21 0.06 0.04 0.07 0.18 0.03 0.04 0.04 0.06 0.11 0.09 0.17 0.05 0.03 0.04 0.04 0.08 0.2 0.27 0.06 0.04 0.03 -9 -9 0.03 -9 0.06 0.05 0.03 -9 -9 0.05 -9 -9 0.06 0.12 0.06 0.03 0.14 -9 0.05 0.06 0.15 0.03 0.35 0.05 0.03 0.03 0.03 -9 0.03 0.06 0.03 0.11 0.06 0.06 0.41 0.06 0.05 0.03 0.03 0.04 0.18 0.04 0.03 0.16 0.03 0.03
-9 -9 -9 -9 -9 -9 -9 -9 -9 -9 -9 -9 -9 0.03 0.05 0.09 -9 -9 0.09 0.06 0.03 0.09 0.16 0.06 0.04 0.09 0.04 0.12 0.05 -9 0.03 0.04 0.07 0.03 0.07 0.03 0.03 0.08 0.03 -9 0.03 0.06 0.18 0.11 0.03 -9 -9 0.15 0.14 0.1 -9 -9 0.06 0.15 0.03 0.11 0.35 0.03 0.34 0.03 0.03 0.2 0.03 0.03 0.03 -9 0.27 0.5 0.06 0.06 0.06 0.03 -9 -9 -9 0.03 0.03 -9 -9 0.17 -9 0.03 -9 0.05 -9 -9 0.06 0.08 0.57 0.03 0.03
-9 -9 -9 -9 -9 -9 -9 -9 -9 -9 -9 -9 0.08 -9 0.04 0.06 -9 0.04 0.08 0.04 0.06 0.14 0.04 -9 0.13 0.04 -9 0.1 0.08 0.07 0.22 0.07 0.05 0.05 0.04 -9 0.04 0.26 0.08 0.04 0.05 0.08 -9 0.03 0.05 0.04 0.15 0.06 -9 -9 -9 0.07 0.04 -9 0.03 0.06 0.03 -9 0.28 0.04 -9 0.1 -9 0.05 -9 0.04 0.05 0.06 0.08 0.12 0.09 0.06 0.04 0.04 0.05 0.15 0.1 0.15 0.15 0.09 0.4 0.05 0.03 0.1 0.07 0.03 0.06 0.04 0.18 0.04 0.1
-9 -9 -9 -9 -9 -9 -9 -9 0.05 -9 -9 0.03 0.03 -9 0.07 -9 -9 -9 0.16 0.04 0.1 0.05 0.08 0.06 0.15 0.06 -9 0.04 0.03 0.05 0.06 0.03 -9 -9 -9 0.03 0.05 0.1 0.03 -9 0.08 0.07 0.05 0.11 0.53 0.16 0.05 0.03 0.03 0.06 0.03 0.08 -9 -9 0.06 0.05 0.04 0.05 0.05 0.07 0.03 0.07 -9 0.06 0.03 0.03 0.09 0.05 -9 0.03 -9 -9 0.06 -9 0.03 0.03 0.04 -9 0.03 0.03 0.03 0.06 0.15 0.04 0.03 0.03 -9 -9 0.05 0.2 -9
-9 -9 -9 -9 -9 -9 -9 -9 -9 0.06 0.08 -9 0.05 0.03 0.05 0.05 -9 0.03 -9 -9 -9 0.03 -9 0.03 0.03 0.03 0.09 0.06 0.07 0.03 -9 0.03 -9 -9 0.06 0.18 0.13 0.06 0.05 0.2 0.06 -9 0.04 -9 -9 -9 0.05 0.03 0.03 0.05 0.09 0.12 0.03 -9 -9 0.03 0.03 0.08 0.06 0.09 0.43 0.05 0.07 0.44 0.04 -9 0.24 0.09 0.11 0.08 -9 0.1 -9 0.03 0.03 0.03 0.06 -9 -9 0.06 -9 0.03 0.46 0.04 -9 0.05 0.04 0.03 0.03 0.06 0.05
-9 -9 -9 -9 -9 -9 -9 -9 -9 -9 0.03 -9 0.08 0.05 0.03 0.03 0.09 -9 -9 -9 0.03 -9 0.05 0.04 -9 0.09 0.06 0.21 0.09 0.03 0.06 0.12 0.16 0.07 0.05 -9 0.07 0.07 0.04 0.06 0.03 0.03 0.11 0.07 -9 -9 0.03 -9 0.06 -9 -9 0.17 0.03 0.07 0.06 0.05 0.03 0.03 -9 0.04 0.06 -9 -9 -9 0.08 0.55 0.06 0.03 0.05 0.05 0.07 0.03 0.03 0.06 0.06 0.03 0.16 0.05 0.05 0.05 0.07 0.06 0.05 -9 -9 0.08 0.06 -9 0.06 -9 0.04
-9 -9 -9 -9 -9 -9 -9 -9 0.03 0.03 0.03 0.13 -9 0.03 -9 0.03 0.03 -9 0.04 0.03 0.05 -9 0.05 0.04 -9 0.06 0.05 0.04 0.04 -9 0.04 0.07 0.21 0.03 0.05 -9 -9 -9 -9 0.04 0.05 0.03 0.36 0.03 0.04 0.06 -9 0.07 0.06 0.03 0.04 0.2 0.06 0.08 0.03 0.03 0.1 -9 0.03 0.03 0.45 0.03 -9 -9 -9 0.07 0.03 0.03 -9 0.03 -9 0.03 0.03 0.03 0.19 0.07 -9 0.03 0.11 0.03 0.09 0.37 0.06 0.03 -9 0.13 0.04 0.03 0.51 -9 0.06
