water_level_grid/30_min/2017-05-25_23-00-00.asc
ncols	139
nrows	120
xllcorner	397074.0
yllcorner	474875.0
cellsize	250.0
NODATA_value	-9
[rows 41 to 81 of 120, columns 0 to 92 of 139]
-9 -9 -9 -9 -9 -9 -9 0.06 -9 -9 0.03 0.13 0.09 -9 -9 -9 0.06 0.18 -9 0.06 0.06 -9 0.03 -9 -9 -9 -9 -9 -9 -9 -9 -9 0.08 -9 -9 0.16 0.04 -9 -9 -9 0.03 0.09 0.09 -9 -9 0.12 0.22 0.87 0.03 -9 0.03 0.06 0.6 -9 -9 -9 0.06 0.11 -9 -9 0.35 0.06 0.07 -9 0.04 0.11 0.03 0.31 0.06 0.04 0.04 -9 0.05 -9 -9 0.07 -9 -9 0.14 -9 0.06 -9 -9 0.03 0.03 0.15 -9 0.03 0.2 0.72 0.25 0.22 -9
-9 -9 -9 -9 -9 -9 -9 0.3 0.05 0.03 0.04 0.07 0.04 -9 0.06 0.04 0.04 0.06 0.04 -9 -9 -9 0.03 0.05 -9 -9 -9 -9 -9 0.04 0.03 -9 -9 -9 0.05 0.03 0.06 -9 0.04 0.07 0.05 -9 0.03 0.05 0.04 0.03 0.06 0.03 0.03 0.03 -9 0.06 0.91 -9 0.05 0.04 0.03 0.06 0.51 0.04 0.54 0.03 -9 -9 0.06 0.04 0.03 -9 -9 0.04 0.07 0.03 0.06 0.03 0.08 0.14 0.06 0.05 0.07 0.03 0.22 0.03 0.21 0.06 0.8 0.8 0.06 0.12 0.04 -9 -9 0.04 0.12
-9 -9 -9 -9 -9 -9 0.03 0.03 0.04 0.14 0.44 0.03 -9 0.03 0.08 -9 -9 -9 0.05 -9 0.03 -9 -9 0.1 0.06 -9 -9 -9 0.09 0.15 0.04 0.04 -9 0.09 0.03 -9 0.03 0.38 0.12 0.05 0.1 -9 -9 0.03 0.27 0.03 0.08 0.05 0.05 0.04 0.03 -9 0.43 0.21 0.06 -9 0.04 -9 0.37 -9 0.03 0.03 0.06 0.15 0.06 -9 0.05 0.06 -9 0.11 0.45 -9 0.09 -9 0.03 -9 0.05 0.1 0.19 0.15 0.17 0.43 0.48 0.06 0.05 0.05 0.03 0.07 0.07 -9 -9 0.05 0.06
0.1 -9 -9 -9 -9 -9 0.03 -9 0.03 0.06 0.06 -9 -9 -9 0.07 0.05 0.04 0.03 0.04 0.08 -9 0.04 0.03 -9 -9 0.03 0.04 -9 0.03 0.06 0.03 0.05 -9 0.08 0.05 0.03 -9 0.03 0.06 0.03 -9 0.23 -9 0.03 0.05 -9 0.03 -9 -9 0.06 0.06 0.03 0.03 -9 0.03 -9 0.06 0.03 0.06 -9 -9 0.04 0.47 0.11 -9 -9 0.04 -9 -9 -9 0.03 0.04 -9 0.04 0.04 -9 -9 0.05 0.08 0.06 0.03 0.06 0.03 -9 0.12 0.03 -9 0.08 0.04 0.11 0.03 0.03 0.52
0.05 -9 -9 -9 -9 -9 0.03 -9 -9 0.04 0.07 0.05 -9 -9 0.04 0.07 0.06 0.04 0.14 0.07 -9 0.03 0.07 0.09 0.05 0.13 0.04 0.06 -9 0.04 -9 -9 0.08 0.06 0.18 0.06 0.12 -9 0.07 0.06 0.03 0.23 0.18 0.09 0.04 0.03 0.05 0.04 -9 -9 -9 -9 -9 0.03 0.04 -9 0.2 0.04 0.27 -9 -9 0.05 -9 -9 -9 0.03 0.04 0.1 0.04 0.03 0.07 0.04 0.04 0.04 0.03 0.03 -9 0.03 0.05 -9 0.03 0.03 0.05 -9 0.06 0.06 -9 0.05 0.06 -9 -9 0.15 -9
-9 -9 -9 -9 -9 0.04 0.04 0.06 -9 0.03 0.06 0.15 0.03 -9 0.05 0.06 0.05 0.1 0.04 0.06 0.05 -9 0.08 0.04 0.05 -9 -9 0.13 -9 0.03 -9 -9 -9 0.04 0.06 0.03 0.06 -9 -9 0.05 0.04 0.06 0.05 -9 0.03 -9 0.04 -9 0.03 0.04 0.03 0.03 0.06 0.07 -9 0.03 -9 -9 -9 -9 0.06 0.05 -9 -9 -9 0.03 0.5 0.07 0.07 -9 0.22 0.15 0.03 0.03 -9 0.11 -9 0.19 0.06 0.03 0.03 -9 0.3 0.03 -9 -9 0.03 0.03 0.06 -9 0.05 0.15 -9
-9 0.03 -9 -9 -9 0.13 0.12 -9 -9 0.03 0.38 -9 0.13 0.06 0.05 -9 0.04 0.05 -9 0.03 0.1 0.05 0.09 -9 0.04 -9 -9 -9 0.06 -9 -9 -9 0.03 -9 -9 0.03 0.06 0.04 -9 -9 0.03 0.03 0.03 0.05 0.06 0.04 -9 -9 0.13 0.42 0.28 0.15 0.03 0.3 0.03 0.03 -9 -9 -9 0.05 0.15 0.04 -9 -9 -9 0.05 0.06 -9 -9 -9 0.05 0.03 0.06 -9 0.04 0.15 0.03 0.03 0.05 0.35 0.07 0.07 0.66 0.15 0.15 -9 0.04 -9 0.03 -9 0.15 -9 -9
-9 0.03 0.06 -9 0.05 0.06 0.03 -9 -9 -9 0.03 0.15 0.15 0.06 0.04 -9 0.06 -9 0.04 0.03 -9 0.03 0.04 -9 -9 -9 -9 -9 0.04 -9 0.04 -9 0.08 0.03 0.04 0.46 -9 0.04 -9 -9 -9 0.2 0.04 0.09 0.14 0.48 0.05 -9 0.04 0.06 0.03 0.05 0.03 -9 0.07 0.44 0.09 0.06 0.03 -9 0.41 0.03 -9 0.06 0.04 0.04 -9 -9 0.03 0.06 -9 0.06 -9 -9 0.03 0.05 0.04 -9 0.15 0.32 0.06 -9 0.03 -9 0.12 0.17 0.15 0.07 0.05 -9 0.07 0.03 0.03
-9 -9 0.06 0.07 0.04 0.06 0.04 -9 -9 0.03 0.07 0.13 0.07 0.03 0.04 0.06 0.05 0.06 0.08 -9 -9 -9 -9 -9 -9 -9 -9 -9 0.03 0.03 0.05 -9 -9 -9 -9 -9 0.04 -9 0.29 -9 0.06 0.03 -9 0.06 -9 -9 0.07 0.06 -9 -9 0.03 0.03 0.06 -9 0.06 0.04 0.76 0.04 -9 -9 0.13 0.04 -9 0.03 0.04 0.07 0.39 0.05 0.09 0.03 -9 -9 0.03 0.06 -9 -9 0.06 0.03 -9 0.07 0.04 -9 0.03 0.03 -9 0.03 -9 0.08 0.03 -9 0.03 -9 -9
-9 -9 -9 0.26 0.56 0.14 0.04 0.04 0.04 -9 0.06 0.06 -9 0.03 0.1 0.26 0.16 0.05 -9 0.05 0.04 -9 0.09 0.03 0.05 -9 -9 -9 0.04 0.03 0.18 0.05 -9 -9 0.03 -9 0.07 0.03 0.03 0.08 0.05 0.1 -9 0.24 0.03 0.03 -9 0.03 -9 0.05 0.43 0.11 0.06 0.04 -9 -9 0.03 0.22 0.03 0.04 0.09 0.03 -9 0.04 0.1 0.37 0.03 -9 0.07 0.03 0.03 -9 -9 0.06 -9 0.03 0.36 0.06 -9 0.06 0.04 0.03 0.06 -9 0.03 0.1 0.03 -9 0.06 0.03 0.09 0.05 0.03
-9 -9 -9 0.03 0.06 0.23 0.08 0.06 0.07 -9 0.04 0.05 -9 -9 0.09 0.03 0.06 0.05 -9 0.07 0.03 0.03 0.06 -9 0.04 -9 0.05 0.06 0.06 0.03 -9 0.03 0.05 0.39 0.05 0.03 -9 -9 -9 0.14 0.03 0.03 0.06 -9 0.06 0.03 0.09 0.03 0.09 -9 0.06 -9 0.03 0.06 -9 0.03 0.06 -9 0.15 -9 0.03 0.03 -9 0.3 0.15 0.04 0.17 0.03 0.03 0.16 0.06 0.04 0.03 0.08 0.06 0.05 0.05 0.09 -9 0.03 0.06 -9 0.06 0.1 0.08 0.03 0.04 -9 -9 -9 0.11 -9 -9
-9 -9 0.05 -9 0.04 0.05 0.47 0.06 0.05 0.39 -9 -9 0.03 -9 0.11 0.03 0.06 0.05 0.03 -9 -9 0.04 0.07 -9 0.06 0.08 0.4 0.15 0.03 0.04 0.03 0.04 0.1 0.03 0.03 0.66 0.03 -9 0.07 0.04 -9 0.03 0.08 0.05 -9 -9 0.06 0.13 0.16 0.05 0.73 -9 0.03 -9 0.03 0.03 -9 -9 0.05 0.07 -9 -9 0.06 0.07 0.03 0.03 0.79 0.07 0.04 0.03 0.03 0.06 0.04 1.01 0.07 0.03 0.03 -9 0.04 -9 -9 0.08 0.03 0.07 0.14 -9 0.31 0.04 0.03 0.05 0.35 0.03 -9
-9 -9 -9 -9 0.03 0.03 0.04 0.15 -9 0.14 0.09 0.04 0.06 0.35 0.06 0.03 0.04 0.08 0.07 -9 0.05 -9 0.3 -9 -9 -9 0.1 0.05 0.37 0.1 0.03 -9 0.03 -9 0.06 0.05 0.08 -9 -9 0.03 0.08 -9 0.06 0.03 -9 0.04 0.1 -9 -9 0.26 -9 0.13 -9 0.09 0.36 0.09 0.04 -9 0.03 -9 0.03 -9 -9 -9 0.03 1.11 0.04 -9 0.11 -9 -9 -9 -9 0.03 0.05 0.03 -9 -9 -9 -9 -9 -9 0.03 0.07 -9 0.03 0.03 -9 -9 -9 0.03 0.15 0.03
-9 -9 -9 0.03 0.06 0.03 -9 0.06 0.06 0.03 0.1 0.03 -9 0.1 0.03 -9 -9 -9 0.06 0.17 0.03 0.15 -9 -9 -9 -9 0.07 -9 0.03 -9 0.09 0.03 -9 0.04 0.03 -9 -9 0.1 -9 0.06 -9 0.03 0.03 0.03 0.06 0.06 0.03 -9 0.15 0.2 -9 -9 -9 0.21 -9 0.11 -9 -9 -9 0.06 0.42 0.07 0.03 0.04 0.05 0.94 0.06 -9 0.04 -9 0.09 0.03 -9 -9 0.05 0.03 0.03 0.03 0.03 0.06 0.03 0.42 0.11 -9 0.05 0.03 0.08 0.03 0.06 -9 -9 0.03 0.81
-9 -9 -9 0.06 0.6 0.05 0.1 0.03 0.08 0.03 0.13 0.06 0.04 0.11 0.06 0.06 0.04 0.06 0.09 0.07 0.05 0.08 0.14 0.04 0.03 -9 0.09 -9 -9 0.04 0.06 0.03 -9 0.09 0.03 -9 0.03 0.06 -9 0.29 0.15 0.08 0.06 0.03 0.03 -9 0.07 0.25 0.04 -9 0.03 0.07 0.12 0.03 -9 0.03 0.13 0.06 0.04 0.03 -9 -9 0.06 0.07 0.05 0.04 0.03 -9 0.03 0.08 0.03 -9 0.03 -9 -9 -9 0.28 0.03 -9 0.15 0.03 0.06 0.07 0.03 -9 0.04 -9 0.05 -9 0.07 0.05 0.38 -9
-9 -9 -9 0.04 0.08 0.33 0.12 0.03 0.03 -9 0.03 0.05 0.04 0.03 0.03 0.03 0.06 0.12 0.04 0.05 -9 0.03 0.12 0.04 0.03 0.03 -9 0.24 0.15 0.1 0.03 0.03 -9 0.14 0.03 0.07 0.06 1.06 0.15 -9 0.04 -9 -9 0.03 0.06 -9 0.22 -9 -9 0.06 0.08 0.07 0.45 0.03 0.03 0.03 -9 -9 -9 0.03 -9 0.04 0.64 0.03 -9 0.03 0.03 0.06 1.07 0.08 -9 -9 -9 0.04 0.04 -9 0.05 0.03 0.1 0.03 -9 0.03 0.04 0.06 0.06 -9 -9 0.03 0.07 -9 -9 0.09 0.03
-9 -9 -9 -9 0.03 -9 0.11 0.06 0.06 0.05 0.04 0.06 0.08 0.04 0.08 -9 0.03 -9 -9 0.04 -9 0.05 0.03 -9 0.07 0.05 -9 -9 0.06 0.03 -9 0.04 0.21 -9 -9 -9 0.03 0.07 0.04 0.03 -9 0.03 -9 0.03 0.18 0.12 -9 0.06 -9 0.04 -9 -9 0.1 0.07 0.23 0.14 0.04 -9 0.06 0.06 0.05 0.05 0.61 0.18 0.04 0.59 0.2 0.03 -9 0.15 0.04 0.03 0.05 0.14 0.75 0.05 0.16 0.06 0.12 -9 -9 0.06 0.05 0.03 0.06 0.04 0.06 -9 0.03 -9 -9 -9 -9
-9 -9 -9 -9 0.03 0.06 0.03 0.11 0.06 0.03 0.05 0.06 0.17 0.03 0.06 0.04 0.05 0.06 0.07 0.05 0.03 -9 -9 0.03 -9 0.03 0.06 -9 0.08 0.06 0.15 0.09 -9 0.03 0.06 0.06 0.08 -9 -9 -9 0.03 -9 0.07 0.06 -9 0.06 -9 0.04 -9 -9 -9 -9 0.09 -9 0.03 -9 0.07 -9 0.03 0.06 -9 0.06 0.03 -9 0.15 -9 0.06 -9 -9 0.05 0.1 -9 -9 -9 0.06 0.03 0.05 0.18 0.07 0.03 0.06 0.09 0.28 0.04 0.03 0.06 0.13 0.13 0.58 0.06 0.1 -9 -9
-9 -9 -9 -9 0.15 0.19 0.03 -9 0.09 0.06 0.03 0.03 0.15 0.18 0.11 0.13 -9 0.06 0.2 -9 -9 -9 0.15 0.06 0.05 0.06 0.06 0.06 -9 -9 0.15 0.06 0.06 0.06 0.05 -9 0.03 -9 0.05 0.03 -9 0.06 0.03 0.13 0.06 0.05 0.03 0.03 0.12 0.04 0.15 0.15 0.54 -9 0.05 -9 0.03 0.03 0.06 0.09 0.1 0.67 -9 -9 0.33 -9 0.03 0.03 0.03 -9 0.06 0.03 -9 0.06 0.03 -9 0.04 1.45 0.06 -9 0.43 0.03 0.33 0.06 0.03 0.04 0.03 0.05 0.06 0.11 0.05 0.05 0.13
-9 -9 -9 -9 0.03 0.08 0.11 0.03 0.07 0.04 0.05 0.06 0.07 0.05 0.29 0.03 0.04 0.07 -9 0.06 -9 -9 0.03 0.06 -9 0.03 0.06 2.34 2.34 0.84 0.06 0.03 -9 -9 -9 0.04 -9 -9 0.06 0.06 0.07 0.2 0.09 0.03 -9 0.04 0.03 0.05 0.03 0.15 -9 0.03 0.49 0.49 0.03 -9 0.05 0.03 -9 0.03 0.03 0.11 0.03 -9 0.05 0.85 0.03 0.06 0.06 0.14 0.05 0.12 -9 0.22 -9 -9 0.03 0.66 0.03 -9 0.03 -9 0.03 0.29 0.03 0.06 0.03 0.03 0.03 0.64 0.03 -9 -9
-9 -9 -9 -9 -9 0.03 0.18 0.09 0.03 -9 -9 0.03 0.03 -9 0.06 -9 0.03 -9 -9 -9 -9 0.03 -9 -9 -9 -9 0.03 -9 2.34 2.34 0.03 -9 0.05 0.06 0.08 0.03 -9 0.05 0.19 0.12 0.03 0.18 0.06 0.03 -9 0.06 0.03 -9 0.03 0.06 -9 -9 -9 0.04 0.18 0.06 0.07 0.03 -9 0.03 0.06 1.14 0.05 -9 -9 0.05 0.18 0.33 0.06 0.03 0.09 0.03 -9 0.12 -9 -9 0.03 0.33 0.03 0.06 -9 -9 -9 0.06 0.03 0.04 0.06 -9 0.03 0.08 0.03 -9 -9
-9 -9 -9 -9 -9 0.04 0.04 0.09 0.06 0.03 0.06 0.03 0.06 -9 0.05 -9 0.06 0.12 -9 0.03 0.32 0.13 0.03 -9 -9 -9 -9 -9 -9 2.34 0.04 0.03 -9 -9 0.25 -9 -9 0.07 -9 0.03 -9 0.03 0.07 0.04 -9 0.16 0.07 0.06 -9 0.03 0.03 0.64 0.07 0.03 0.08 -9 -9 -9 0.09 0.03 0.66 0.04 0.04 0.04 0.03 0.03 -9 0.15 0.03 -9 -9 -9 0.03 0.12 -9 0.03 0.03 0.09 0.36 0.09 0.04 -9 0.04 0.69 0.62 0.24 0.15 0.04 0.03 0.04 0.04 -9 0.03
-9 -9 -9 -9 -9 0.04 -9 0.05 0.04 0.06 0.05 -9 0.06 0.06 0.39 -9 0.04 -9 0.07 0.09 -9 0.08 0.03 -9 -9 0.2 0.05 0.04 -9 2.34 2.34 0.06 0.09 0.08 -9 -9 0.03 0.13 -9 0.04 -9 -9 -9 0.06 0.16 0.04 0.03 0.03 -9 -9 0.11 0.04 0.06 -9 0.07 0.07 0.05 -9 -9 0.06 0.42 0.16 0.03 0.03 -9 -9 0.03 0.15 0.03 0.03 -9 0.03 0.03 0.12 -9 -9 0.03 0.06 -9 0.03 0.06 0.03 0.04 0.06 0.06 0.03 -9 0.14 0.04 -9 -9 0.03 0.06
-9 -9 -9 -9 -9 -9 -9 0.06 0.08 0.11 0.22 -9 0.03 0.51 0.07 0.04 0.21 0.03 0.12 0.03 -9 0.03 -9 0.04 0.17 0.03 0.08 -9 -9 0.03 2.34 0.04 -9 0.05 0.07 0.05 0.09 0.03 0.48 0.12 0.03 0.03 -9 -9 0.03 0.09 0.11 0.07 0.03 0.06 -9 0.03 0.05 0.04 0.05 0.05 0.03 -9 0.04 0.05 0.12 -9 0.19 0.03 0.12 -9 0.04 0.35 0.09 0.03 0.03 0.03 0.06 0.15 -9 -9 0.04 0.55 -9 -9 -9 -9 0.03 0.03 0.06 0.03 -9 0.09 0.04 -9 -9 0.03 0.19
-9 -9 -9 -9 -9 -9 -9 0.06 0.06 0.06 0.06 0.09 0.14 -9 -9 0.03 0.08 0.04 0.04 0.07 -9 -9 -9 -9 -9 -9 0.14 0.05 -9 0.04 2.34 2.34 -9 0.03 0.03 -9 0.16 0.03 -9 0.15 0.04 -9 0.06 0.03 0.03 0.07 -9 0.04 -9 0.03 0.03 0.03 -9 -9 -9 0.06 0.05 0.03 0.03 0.05 0.21 -9 0.2 0.06 0.03 -9 0.03 0.09 0.06 0.06 -9 0.05 0.08 -9 0.17 -9 0.12 0.58 0.03 -9 0.03 -9 0.07 0.03 0.03 0.52 0.03 0.03 0.04 0.04 0.03 0.03 0.11
-9 -9 -9 -9 -9 -9 -9 0.08 -9 0.03 0.11 0.26 -9 0.04 0.04 0.05 -9 -9 0.09 0.03 -9 0.03 0.62 -9 0.08 0.03 0.06 0.03 -9 0.03 -9 2.32 2.34 0.04 0.03 -9 0.06 -9 0.03 -9 0.15 0.09 0.06 -9 -9 0.07 0.03 -9 0.05 -9 -9 -9 0.03 0.06 -9 0.11 0.03 -9 0.03 0.03 0.51 -9 0.15 0.03 -9 0.03 -9 0.12 -9 0.03 -9 0.03 0.06 0.06 0.03 0.13 0.04 0.45 0.03 0.07 0.03 0.5 0.04 0.03 0.07 0.03 0.06 -9 0.03 -9 0.06 0.06 0.49
-9 -9 -9 -9 -9 -9 0.03 0.07 -9 0.06 0.06 0.03 -9 0.04 0.77 -9 0.08 -9 0.07 0.06 -9 0.05 0.06 0.05 0.04 0.03 -9 0.03 0.05 0.15 2.34 2.34 2.34 2.34 2.34 0.06 0.06 0.05 -9 -9 0.05 0.05 -9 -9 0.03 0.06 0.06 0.06 0.06 0.03 0.03 -9 -9 -9 0.04 0.03 0.03 -9 0.03 0.03 0.21 0.03 0.05 0.15 0.04 0.04 -9 0.06 -9 -9 -9 0.03 -9 0.08 0.1 0.9 0.04 0.06 0.34 -9 0.03 0.06 -9 -9 0.04 -9 0.03 0.03 0.03 0.03 0.04 0.68 0.06
-9 -9 -9 -9 -9 -9 -9 0.05 0.03 0.04 0.06 -9 0.04 0.85 -9 -9 0.05 -9 -9 -9 -9 0.75 -9 0.1 0.03 -9 -9 0.1 0.15 0.05 -9 0.03 0.03 2.34 2.34 0.05 0.05 0.04 0.05 -9 0.06 -9 0.03 -9 0.04 0.04 0.52 0.03 0.04 0.06 0.07 0.07 -9 0.06 0.03 0.57 -9 -9 0.04 0.53 0.05 -9 -9 0.06 0.15 0.15 0.04 0.03 -9 0.03 0.09 0.1 0.14 0.1 0.63 0.86 -9 -9 0.05 0.22 0.14 0.04 -9 0.04 -9 -9 0.03 0.12 0.65 0.06 0.21 0.06 -9
-9 -9 -9 -9 -9 -9 -9 0.03 0.05 0.03 0.05 -9 -9 -9 -9 0.06 0.09 0.04 -9 0.34 0.25 -9 0.1 0.06 0.1 0.04 -9 0.08 0.03 -9 -9 -9 2.3 0.03 2.34 2.34 0.03 -9 0.07 0.03 0.15 0.06 0.03 0.03 0.03 0.04 0.52 -9 -9 0.11 0.05 0.08 -9 -9 -9 0.06 0.03 0.03 0.04 1.24 0.06 0.03 -9 0.08 0.03 -9 0.04 0.03 0.1 0.06 0.06 0.06 0.06 -9 0.52 0.05 -9 0.03 0.04 0.64 0.03 -9 0.03 0.13 0.06 0.04 0.06 0.04 0.03 -9 0.04 0.06 0.03
-9 -9 -9 -9 -9 -9 -9 -9 0.07 -9 -9 -9 -9 -9 0.03 0.03 0.04 0.03 -9 -9 0.1 0.23 0.23 0.03 0.03 0.06 -9 0.07 -9 0.06 0.09 0.11 1.86 2.34 2.34 2.34 2.33 0.03 0.03 0.04 0.15 0.03 -9 -9 0.03 0.04 0.52 -9 -9 -9 0.08 0.08 0.03 0.03 -9 0.06 -9 0.04 0.06 0.35 0.03 0.03 0.03 0.06 0.06 0.03 -9 0.03 -9 -9 0.03 0.03 0.03 0.06 0.43 0.06 0.03 -9 0.03 0.66 0.03 0.03 0.12 0.03 -9 -9 0.03 0.03 -9 -9 0.15 0.15 0.15
-9 -9 -9 -9 -9 -9 -9 -9 0.03 -9 0.1 0.05 0.03 0.03 -9 0.03 -9 0.03 0.03 -9 0.06 0.11 0.15 0.05 0.03 -9 -9 0.03 0.03 0.03 -9 -9 0.15 0.03 -9 0.04 2.33 2.34 0.03 0.29 0.08 0.06 0.03 -9 0.03 0.03 0.53 0.06 -9 0.03 -9 0.04 0.08 0.04 -9 0.03 0.07 0.11 0.16 0.22 0.06 0.04 0.04 -9 -9 0.03 0.03 0.07 -9 -9 0.04 0.05 0.04 0.31 0.06 0.08 -9 -9 0.03 0.41 -9 0.15 0.12 0.08 0.1 0.03 0.03 0.03 0.06 0.03 1.02 0.03 0.06
-9 -9 -9 -9 -9 -9 -9 0.03 0.03 0.16 0.03 0.07 -9 0.04 0.03 0.03 0.03 0.04 -9 0.03 0.03 0.13 0.05 0.03 0.03 -9 0.06 -9 -9 0.03 -9 0.47 0.03 -9 0.03 0.08 0.06 1.85 0.15 0.11 0.05 -9 0.07 0.06 -9 -9 0.15 0.03 0.17 0.03 0.03 0.03 0.91 -9 0.03 0.03 0.05 -9 0.03 0.34 0.03 0.04 0.77 0.03 -9 -9 0.03 0.06 0.04 -9 -9 0.04 0.35 0.06 -9 0.1 0.04 0.03 0.06 0.25 0.17 0.15 0.05 -9 0.08 -9 0.11 0.07 0.12 0.09 0.11 -9 0.06
-9 -9 -9 -9 -9 -9 0.05 -9 0.03 0.08 -9 -9 -9 -9 0.16 0.06 0.03 0.03 0.1 0.09 0.03 0.36 0.09 0.03 -9 -9 0.04 0.13 0.03 0.04 0.59 0.03 0.07 -9 0.03 0.08 0.03 1.83 -9 0.32 0.06 0.04 -9 0.03 -9 0.03 0.18 0.03 0.03 0.05 -9 0.05 0.11 0.11 0.1 0.03 0.03 -9 0.03 0.22 0.03 -9 0.04 0.36 0.04 -9 0.03 0.15 0.15 0.23 0.16 0.15 0.61 0.05 -9 0.08 -9 -9 0.03 0.07 -9 0.03 0.13 -9 0.03 -9 0.03 -9 -9 0.03 0.5 -9 0.03
-9 -9 -9 -9 -9 -9 -9 0.03 0.03 0.04 0.03 0.06 -9 0.09 0.06 0.08 0.04 -9 0.05 0.06 -9 0.31 0.04 0.2 0.07 0.03 0.06 0.06 0.15 0.2 0.08 -9 -9 0.05 0.06 0.05 0.03 0.06 0.06 0.05 0.28 0.03 0.03 0.08 0.03 0.15 0.06 -9 -9 0.03 -9 0.04 0.07 -9 0.03 0.06 -9 -9 0.03 0.15 0.15 -9 -9 0.15 0.08 0.03 0.03 0.1 0.04 0.04 -9 0.03 0.32 0.06 -9 -9 -9 -9 0.05 0.36 0.03 0.04 0.03 0.1 -9 0.04 -9 0.1 -9 0.04 1.0 0.04 0.06
-9 -9 -9 -9 -9 -9 -9 -9 -9 0.03 0.03 -9 -9 0.09 0.03 0.03 0.21 -9 0.03 0.06 0.06 0.16 0.03 0.05 -9 0.03 0.04 0.03 0.03 0.06 -9 0.03 -9 0.45 0.03 -9 -9 0.04 1.08 0.09 0.03 0.15 0.06 0.03 -9 0.04 0.15 0.09 0.22 0.06 -9 -9 0.04 0.06 -9 0.56 -9 -9 0.06 0.15 0.03 0.06 -9 0.06 0.03 0.13 -9 0.17 -9 -9 -9 0.04 0.17 0.03 0.06 -9 0.05 0.06 0.14 0.03 -9 0.03 -9 0.32 0.06 0.06 -9 0.03 -9 0.28 0.03 0.15 0.56
-9 -9 -9 -9 -9 -9 -9 -9 0.04 0.03 -9 0.18 0.03 -9 0.03 -9 0.07 -9 0.05 -9 0.03 0.03 0.04 0.03 -9 0.06 -9 -9 -9 0.08 -9 0.42 0.06 0.03 -9 -9 0.06 0.05 0.06 0.4 0.03 0.05 0.06 -9 -9 0.03 -9 0.05 0.03 0.06 -9 0.03 0.13 0.53 -9 0.05 0.1 -9 0.05 -9 0.15 0.03 0.06 0.06 -9 -9 0.03 0.15 -9 0.03 0.06 0.53 0.05 -9 0.03 0.03 -9 0.04 0.92 0.07 -9 0.06 -9 -9 -9 -9 0.03 0.06 0.2 0.06 0.03 -9 0.13
-9 -9 -9 -9 -9 -9 -9 -9 -9 0.03 -9 -9 0.1 0.06 0.05 0.03 0.07 0.04 -9 0.19 0.03 -9 -9 0.03 0.13 0.15 0.03 0.03 0.06 -9 0.03 0.06 -9 -9 0.03 -9 0.03 -9 0.05 0.68 0.04 -9 -9 -9 0.04 0.08 -9 0.03 -9 0.03 0.03 0.04 -9 0.22 -9 0.03 0.17 -9 -9 -9 0.14 0.04 0.06 0.03 0.03 0.15 0.18 0.06 0.03 0.06 0.03 0.23 0.05 -9 0.06 -9 0.03 0.06 0.36 0.29 0.14 0.59 0.05 0.07 0.12 0.03 0.05 0.04 0.48 -9 -9 -9 0.17
-9 -9 -9 -9 -9 -9 -9 -9 -9 -9 0.07 0.06 -9 0.04 -9 -9 0.03 -9 0.03 0.03 0.07 0.08 0.03 -9 0.03 0.05 0.15 0.03 0.06 0.03 -9 0.05 -9 0.04 0.23 0.04 -9 -9 0.15 0.61 0.07 0.03 -9 0.04 0.06 0.03 0.04 0.04 -9 0.03 0.34 -9 -9 0.05 0.09 -9 0.06 0.05 0.03 0.06 0.08 -9 -9 0.06 0.06 0.06 0.03 0.03 -9 0.03 0.04 0.15 0.39 0.08 0.06 0.03 0.03 0.12 0.1 0.03 0.03 0.03 0.15 -9 0.04 -9 0.03 0.03 0.78 0.03 -9 0.03 0.11
-9 -9 -9 -9 -9 -9 -9 -9 -9 0.05 0.05 -9 0.07 0.04 0.1 0.05 0.04 -9 -9 0.03 0.42 -9 0.03 0.06 0.03 -9 0.35 0.06 0.45 0.03 -9 0.03 0.06 -9 -9 0.04 0.07 0.2 -9 0.03 0.58 0.39 0.21 0.17 0.15 0.06 0.03 0.06 -9 0.04 0.06 0.03 0.06 -9 0.03 -9 -9 -9 0.03 -9 0.04 0.03 0.03 0.03 0.03 -9 -9 0.04 0.03 0.04 0.03 0.15 0.04 -9 0.03 0.03 0.18 0.03 -9 0.06 0.03 -9 0.1 0.03 0.03 -9 -9 0.17 0.04 0.03 0.03 0.04 0.06
-9 -9 -9 -9 -9 -9 -9 -9 0.06 0.03 0.03 0.06 0.08 0.07 -9 0.06 -9 0.05 0.33 0.05 0.03 0.14 0.04 0.03 0.06 0.03 0.15 0.03 0.06 0.06 0.04 0.14 0.15 0.76 0.06 0.15 0.2 0.06 -9 0.06 0.29 0.04 0.05 0.03 -9 0.15 0.18 -9 -9 0.14 -9 0.44 0.04 -9 0.38 0.14 0.03 -9 -9 -9 -9 -9 -9 -9 -9 0.04 0.05 0.04 0.06 0.08 0.12 0.49 0.06 0.04 0.03 0.04 0.13 -9 0.03 0.42 0.06 0.03 0.06 0.1 0.05 -9 0.04 0.15 0.03 -9 -9 0.03 -9
-9 -9 -9 -9 -9 -9 -9 -9 -9 -9 0.03 0.03 0.04 0.03 -9 0.09 0.11 -9 0.03 -9 -9 0.19 0.15 0.03 0.06 0.21 0.15 -9 -9 -9 -9 0.07 -9 0.05 0.03 -9 0.06 -9 0.06 0.04 0.31 0.03 -9 0.11 0.03 -9 0.05 0.09 0.06 0.03 -9 0.05 0.03 -9 -9 0.04 -9 -9 -9 -9 -9 -9 -9 -9 -9 -9 0.27 0.06 0.47 0.06 0.03 0.11 0.09 0.03 -9 0.04 0.09 0.03 -9 0.04 -9 0.04 -9 1.55 0.06 0.03 0.03 0.15 0.03 0.03 0.03 0.06 0.06
