water_level_grid/30_min/2017-05-25_21-00-00.asc
ncols	139
nrows	120
xllcorner	397074.0
yllcorner	474875.0
cellsize	250.0
NODATA_value	-9
[rows 41 to 81 of 120, columns 0 to 90 of 139]
-9 -9 -9 -9 -9 -9 0.03 0.04 0.03 -9 0.03 0.07 0.05 0.03 -9 -9 0.04 0.06 -9 0.04 0.04 -9 0.03 -9 0.03 -9 -9 -9 -9 -9 -9 0.03 0.04 -9 -9 0.06 0.03 -9 0.03 0.03 0.03 0.05 0.06 0.03 -9 0.07 0.09 0.14 0.03 0.03 0.03 0.04 0.1 0.03 -9 0.03 0.04 0.07 -9 0.03 0.11 0.04 0.06 0.03 0.03 0.07 0.03 0.09 0.05 0.03 0.03 -9 0.04 -9 0.03 0.05 0.03 -9 0.07 0.03 0.04 -9 0.03 -9 0.03 0.07 0.03 0.03 0.05 0.1 0.09
-9 -9 -9 -9 -9 -9 0.03 0.09 0.04 -9 0.03 0.05 0.03 -9 0.04 0.03 0.03 0.04 0.03 0.03 -9 -9 0.03 0.03 -9 -9 -9 -9 0.03 0.03 0.03 -9 -9 -9 0.03 0.03 0.04 0.03 0.03 0.04 0.03 0.03 0.03 0.03 0.03 0.03 0.04 0.03 0.03 0.03 -9 0.05 0.12 -9 0.04 0.04 0.03 0.05 0.11 0.03 0.3 0.03 -9 -9 0.04 0.03 -9 -9 -9 0.03 0.06 0.03 0.05 -9 0.05 0.07 0.03 0.03 0.04 0.03 0.07 0.03 0.06 0.05 0.1 0.14 0.04 0.06 0.03 0.03 -9
-9 -9 -9 -9 -9 -9 0.03 -9 0.03 0.07 0.1 0.03 0.03 0.03 0.05 -9 -9 -9 0.04 -9 0.03 -9 -9 0.05 0.04 -9 -9 0.03 -9 -9 0.03 0.03 0.03 0.05 0.03 -9 0.03 0.08 0.06 0.03 0.05 0.03 -9 0.03 0.08 0.03 0.05 0.04 0.04 0.03 0.03 0.03 0.07 0.07 0.05 0.03 0.03 -9 0.07 0.03 0.03 0.03 0.05 0.07 0.05 0.03 0.04 0.04 -9 0.06 0.09 -9 0.05 -9 -9 -9 0.03 0.05 0.07 0.06 0.06 0.08 0.1 0.03 0.03 0.03 0.03 0.05 0.04 -9 0.03
0.05 -9 -9 -9 -9 -9 -9 -9 0.03 0.05 0.04 -9 0.03 -9 0.04 0.04 -9 0.03 0.04 0.04 -9 0.03 -9 -9 -9 0.03 0.03 0.03 0.03 0.03 0.03 0.03 -9 -9 0.04 0.03 -9 0.03 0.04 0.03 0.03 0.05 0.03 0.03 0.04 -9 0.03 0.03 -9 0.04 0.04 0.03 0.03 0.03 0.03 0.03 0.05 0.03 0.04 0.03 -9 0.03 0.1 0.05 -9 -9 0.03 -9 0.03 -9 0.03 -9 -9 0.03 0.03 -9 0.03 0.04 0.05 0.04 0.03 0.04 0.03 0.03 0.07 0.03 0.03 0.06 0.03 0.07 0.03
0.03 -9 -9 -9 -9 -9 0.03 0.03 -9 0.03 0.06 0.04 -9 -9 0.03 0.04 0.04 0.03 0.06 0.04 -9 -9 0.04 0.04 0.03 0.05 0.03 0.04 -9 -9 -9 -9 0.05 0.04 0.07 0.04 0.05 -9 0.04 0.04 0.03 0.07 0.06 0.05 0.03 0.03 0.04 0.03 -9 0.03 0.03 0.03 0.03 0.03 0.03 -9 0.06 0.03 0.07 -9 -9 0.04 0.03 -9 -9 0.03 0.03 0.05 0.03 0.03 -9 0.03 0.03 0.03 0.03 -9 -9 0.03 0.03 0.03 0.03 0.03 0.04 -9 0.04 0.06 -9 0.04 0.05 0.03 -9
-9 -9 -9 -9 -9 0.03 0.03 0.05 0.03 0.03 0.05 0.07 0.03 -9 0.03 0.04 0.03 0.05 0.03 0.03 0.03 -9 0.05 0.03 0.03 -9 -9 0.05 -9 0.03 -9 -9 0.03 0.03 0.04 0.03 0.04 0.03 -9 0.04 0.03 0.04 0.03 0.03 0.03 0.03 0.03 0.03 0.03 0.03 0.03 0.03 0.04 0.05 0.03 0.03 -9 0.03 0.03 0.03 -9 0.04 -9 -9 -9 0.03 0.1 0.05 0.06 0.03 0.08 0.07 0.03 0.03 0.03 0.06 -9 0.06 0.04 0.03 0.03 -9 0.07 -9 -9 -9 0.03 -9 0.04 0.03 0.04
-9 0.03 -9 0.03 0.03 0.06 0.07 0.03 -9 0.03 -9 -9 0.05 0.05 0.04 0.03 0.03 0.03 -9 0.03 0.06 0.04 0.07 0.03 0.03 -9 -9 -9 0.04 0.03 -9 0.03 0.03 0.03 -9 0.03 0.04 0.03 -9 -9 0.03 0.03 0.03 0.04 0.04 0.03 -9 -9 0.06 0.09 0.08 0.07 0.03 0.08 0.03 0.03 0.03 0.03 -9 0.04 0.05 0.03 -9 -9 -9 0.03 0.04 -9 0.03 0.03 0.04 -9 0.04 0.03 0.03 0.08 0.03 0.03 0.03 0.08 0.05 0.04 0.09 0.06 0.06 0.03 0.03 -9 0.03 -9 0.08
-9 -9 0.04 0.03 0.04 0.04 -9 0.03 -9 -9 0.03 0.07 0.06 0.04 0.03 0.03 0.04 0.03 0.03 0.03 0.03 0.03 0.03 0.03 -9 -9 -9 -9 0.03 -9 0.03 -9 0.04 0.03 0.03 0.14 0.03 0.03 -9 0.03 -9 0.06 0.03 0.06 0.06 0.09 0.04 -9 0.03 0.04 0.03 0.04 0.03 -9 0.05 0.08 0.05 0.04 0.03 -9 0.1 0.03 -9 0.05 0.04 0.03 0.03 0.03 0.03 0.05 0.03 0.05 -9 0.03 0.03 0.04 0.03 0.03 0.05 0.08 0.04 0.03 0.03 0.03 0.06 0.07 0.1 0.06 0.04 0.03 0.06
-9 -9 0.04 0.05 0.03 0.04 0.03 -9 -9 -9 0.05 0.07 0.05 0.03 0.03 0.03 0.03 0.03 0.05 -9 0.03 0.03 -9 0.03 -9 -9 -9 -9 -9 -9 0.04 -9 -9 -9 -9 -9 -9 -9 0.07 -9 0.04 0.03 -9 0.03 -9 -9 0.06 0.04 -9 -9 0.03 0.03 0.04 0.03 0.06 0.03 0.12 0.03 0.03 0.03 0.07 0.03 -9 0.03 0.03 0.05 0.1 0.04 0.06 0.03 0.03 0.03 0.03 0.05 0.03 -9 0.04 0.03 0.03 0.05 0.03 0.03 0.03 0.03 0.03 0.03 -9 0.06 -9 -9 0.03
-9 -9 0.03 0.07 0.1 0.06 0.03 0.03 0.03 -9 0.05 0.04 0.03 0.03 0.06 0.07 0.04 0.03 -9 0.04 0.03 -9 0.06 0.03 0.04 -9 -9 0.03 0.03 0.03 0.07 0.04 -9 -9 0.03 0.03 0.04 -9 0.03 0.05 0.03 0.05 0.03 0.07 0.03 -9 0.03 -9 0.03 0.04 0.1 0.07 0.05 0.03 0.03 0.03 0.03 0.1 0.03 0.03 0.06 0.03 -9 0.03 0.05 0.08 0.03 0.03 0.04 0.03 0.03 -9 -9 0.04 0.03 0.03 0.09 0.03 -9 0.04 0.03 0.03 0.05 -9 0.03 0.07 0.03 0.03 0.06 -9 0.06
-9 -9 -9 0.03 0.04 0.06 0.05 0.04 0.04 0.03 0.03 0.04 -9 0.03 0.05 0.03 0.04 0.03 -9 0.05 0.03 0.03 0.04 0.03 0.03 -9 0.03 0.04 0.04 0.03 -9 0.03 0.04 0.1 0.04 -9 -9 0.03 0.03 0.08 0.03 -9 0.03 -9 0.05 0.03 0.06 -9 0.05 -9 0.04 -9 -9 0.04 -9 -9 0.05 0.03 0.09 -9 0.03 0.03 0.03 0.1 0.06 0.03 0.04 0.03 0.03 0.05 0.05 0.03 0.03 0.06 0.04 0.04 0.04 0.05 -9 -9 0.04 0.03 0.04 0.06 0.06 0.03 0.03 -9 -9 0.03 0.07
-9 -9 0.03 0.03 0.03 0.04 0.11 0.04 0.03 0.08 0.03 -9 -9 0.03 0.05 0.03 0.03 0.04 0.03 -9 -9 -9 0.04 -9 0.04 0.04 0.08 0.06 -9 0.03 -9 0.03 0.07 0.03 0.03 0.14 0.03 0.03 0.06 0.03 0.03 0.03 0.06 0.04 -9 0.03 0.05 0.07 0.07 0.04 0.05 -9 0.03 0.03 0.03 0.03 -9 -9 0.04 0.06 0.03 -9 0.04 0.06 -9 0.03 0.3 0.05 0.03 0.03 0.03 0.04 0.04 0.15 0.05 0.03 0.03 0.03 0.03 -9 0.03 0.04 0.03 0.04 0.07 0.03 0.1 0.03 -9 0.04 0.15
-9 -9 0.03 -9 -9 0.03 0.03 0.08 0.03 0.06 0.06 0.03 0.04 0.09 0.05 0.03 0.03 0.03 0.04 -9 -9 -9 0.04 -9 -9 -9 0.05 0.04 0.11 0.06 0.03 0.03 0.03 -9 0.04 0.04 0.06 0.03 -9 0.03 0.06 -9 0.04 0.03 -9 0.03 0.07 0.03 -9 0.06 -9 0.05 0.03 0.06 0.14 0.06 0.04 -9 0.03 0.03 0.03 0.03 -9 0.03 0.03 0.61 0.03 -9 0.07 -9 0.03 0.03 -9 0.03 0.04 0.03 -9 -9 -9 -9 0.03 -9 0.03 0.04 -9 0.03 0.03 0.03 -9 -9 0.03
-9 -9 -9 0.03 0.04 0.03 -9 0.04 0.04 0.03 0.06 0.03 0.03 0.06 0.03 -9 0.03 0.03 0.04 0.03 0.03 0.06 0.03 0.03 -9 -9 0.04 -9 -9 0.03 0.06 -9 0.03 0.04 -9 -9 -9 0.06 0.03 0.05 0.03 -9 0.03 -9 0.05 0.05 0.03 0.03 0.06 0.07 -9 -9 -9 0.06 0.03 0.06 -9 -9 -9 0.06 0.11 0.05 0.03 0.03 0.04 0.44 0.04 0.03 0.03 0.03 0.07 0.03 -9 0.03 0.04 0.03 0.03 -9 0.03 0.04 0.03 0.08 0.06 0.03 0.04 0.03 0.05 0.03 0.05 0.03 0.03
-9 -9 -9 0.04 0.09 0.03 0.06 0.03 0.05 0.03 0.06 0.04 0.03 0.06 0.04 0.04 0.03 0.04 0.05 0.04 0.03 0.04 0.07 0.03 0.03 -9 0.04 -9 0.03 0.03 0.04 -9 0.03 0.07 0.03 0.03 0.03 0.04 0.03 0.12 0.08 0.06 0.06 -9 0.03 0.03 0.06 0.09 0.03 0.03 0.03 0.04 -9 0.03 -9 -9 0.07 0.05 0.03 0.03 -9 0.03 0.05 0.05 0.04 0.03 0.03 -9 -9 0.06 0.03 -9 -9 0.03 0.03 -9 0.09 0.03 0.03 0.07 0.03 0.04 0.05 0.03 0.03 0.03 -9 0.04 -9 0.05 0.04
-9 -9 -9 0.03 0.05 0.08 0.06 0.03 0.03 0.03 0.03 0.03 0.03 0.03 0.03 0.03 0.04 0.07 0.03 0.03 -9 0.03 0.07 0.03 0.03 -9 -9 0.06 0.08 0.06 -9 0.03 0.03 0.08 0.03 0.05 0.05 0.14 0.06 0.03 0.03 0.03 -9 0.03 0.05 0.03 0.11 0.03 -9 0.05 0.06 -9 0.06 0.03 0.03 -9 0.03 -9 -9 -9 -9 0.03 0.17 0.03 -9 -9 -9 0.05 0.15 0.06 0.03 -9 0.03 0.03 0.03 0.03 0.04 0.03 0.06 0.03 0.03 -9 0.03 0.05 0.04 -9 0.03 -9 0.05 -9 -9
-9 -9 -9 0.03 0.03 0.03 0.06 0.04 0.05 0.04 0.03 0.04 0.06 0.03 0.05 -9 0.03 0.03 -9 0.03 -9 0.04 0.03 -9 0.05 0.03 -9 -9 0.04 0.03 -9 0.03 0.09 0.03 0.03 -9 0.03 0.05 0.03 0.03 0.03 0.03 0.03 0.03 0.08 0.06 0.03 0.06 -9 0.03 -9 -9 0.05 0.04 0.09 0.08 0.03 -9 0.04 0.05 0.04 0.04 0.13 0.06 0.03 0.11 0.08 0.03 -9 0.09 0.03 0.03 0.04 0.08 0.16 0.04 0.08 0.04 0.06 0.03 0.03 0.04 0.04 0.03 0.04 0.03 0.04 0.03 0.03 -9 -9
-9 -9 -9 -9 0.03 0.04 0.03 0.05 0.04 0.03 0.04 0.04 0.09 0.03 0.05 0.03 0.04 0.04 0.04 0.03 -9 -9 0.03 -9 0.03 0.03 0.04 -9 0.05 0.04 0.07 0.04 0.03 0.03 0.05 0.05 0.06 0.03 -9 0.03 -9 0.03 0.06 0.04 -9 0.04 0.03 0.03 0.03 -9 0.03 -9 0.05 0.03 0.03 -9 0.06 0.03 0.03 0.06 -9 0.04 0.03 0.03 0.05 -9 0.04 0.03 0.03 0.04 0.07 0.03 -9 0.03 0.05 0.03 0.04 0.07 0.05 0.03 0.05 0.06 0.09 0.03 0.03 0.04 0.07 0.06 0.11 0.04 0.06
-9 -9 -9 -9 0.05 0.08 0.03 0.03 0.05 0.04 0.03 0.03 0.07 0.06 0.05 0.06 0.03 0.05 0.07 0.03 -9 -9 0.06 0.05 0.04 0.04 0.04 0.04 0.03 0.03 0.06 0.03 0.04 0.04 0.04 -9 0.03 -9 0.04 0.03 0.03 0.05 0.03 0.07 0.05 0.04 -9 0.03 0.07 0.03 0.08 0.06 -9 -9 0.04 0.03 0.03 0.03 0.04 0.06 0.06 0.13 -9 0.03 0.06 0.03 -9 0.03 0.03 -9 0.04 0.03 -9 0.04 -9 -9 0.03 0.83 0.04 -9 0.1 0.03 0.09 0.04 -9 0.03 -9 0.04 0.04 0.06 0.03
-9 -9 -9 -9 -9 0.04 0.05 0.03 0.05 0.03 0.04 0.05 0.05 0.03 0.05 0.03 0.03 0.04 -9 -9 -9 -9 -9 0.04 0.03 0.03 0.04 1.84 1.84 0.34 0.03 0.03 -9 -9 -9 0.03 0.03 -9 0.05 0.05 0.05 0.09 0.05 0.03 0.03 0.03 0.03 0.04 0.03 0.1 -9 -9 0.06 -9 0.03 -9 0.04 0.03 -9 0.03 0.03 0.05 0.03 -9 0.04 0.14 0.03 0.04 0.04 0.07 0.04 0.07 -9 0.08 -9 -9 0.03 0.09 0.03 -9 0.03 0.03 0.03 0.08 0.03 0.04 0.03 0.03 0.03 0.14 0.03
-9 -9 -9 -9 -9 0.03 0.07 0.05 0.03 0.03 0.03 0.03 0.03 0.03 0.04 0.03 0.03 -9 -9 -9 -9 0.03 -9 -9 -9 -9 -9 0.03 1.84 1.84 0.03 0.03 0.04 0.04 0.06 -9 0.03 0.04 0.06 0.05 0.03 0.06 0.05 0.03 -9 0.05 0.03 0.03 0.03 0.06 0.03 -9 0.03 0.03 0.07 0.05 0.06 0.03 -9 -9 0.04 0.13 0.04 0.03 0.03 0.04 0.07 0.12 0.04 -9 0.06 0.03 -9 0.06 -9 -9 0.03 0.08 0.03 0.04 -9 -9 -9 0.05 0.03 0.03 0.04 0.03 -9 0.06 0.03
-9 -9 -9 -9 -9 0.03 0.03 0.06 0.05 0.03 0.04 0.03 0.04 0.03 0.04 0.03 0.04 0.05 -9 -9 0.07 0.06 -9 -9 -9 -9 -9 0.03 0.03 1.83 0.03 0.03 -9 -9 0.06 0.03 -9 0.06 0.03 -9 0.03 0.03 0.05 0.03 -9 0.09 0.06 0.04 0.03 -9 0.03 0.13 0.04 0.03 0.05 -9 -9 -9 0.07 0.03 0.1 0.03 0.03 0.03 -9 0.03 0.03 0.07 0.03 -9 0.03 0.03 0.03 0.07 0.03 0.03 0.03 0.06 0.13 0.07 0.03 -9 0.03 0.12 0.11 0.1 0.09 0.03 0.03 0.03 0.03
-9 -9 -9 -9 -9 0.03 -9 0.03 0.03 0.04 0.04 0.03 0.04 0.04 0.04 0.03 0.03 -9 0.04 0.04 0.03 0.06 0.03 0.03 -9 0.04 0.04 0.03 0.03 1.83 1.84 0.04 0.05 0.05 -9 0.03 0.03 0.04 0.03 0.03 -9 -9 0.03 0.05 0.06 0.03 0.03 -9 -9 0.03 0.07 0.03 0.05 -9 0.05 0.06 0.04 0.03 -9 0.03 0.11 0.07 0.03 0.03 0.03 -9 -9 0.07 0.03 0.03 0.03 0.03 0.03 0.07 0.03 -9 0.03 0.05 0.03 0.03 0.05 0.03 0.03 0.05 0.05 0.03 0.03 0.08 0.03 0.03 0.03
-9 -9 -9 -9 -9 -9 0.03 0.04 0.05 0.06 0.07 -9 0.03 0.05 0.03 0.03 0.06 0.03 -9 0.03 0.03 0.03 -9 0.03 0.05 0.03 0.05 0.03 0.03 -9 1.84 0.03 0.03 0.04 0.05 0.03 0.06 0.03 0.11 0.06 0.03 0.03 -9 -9 0.03 0.06 0.07 0.06 0.03 0.05 -9 0.03 0.04 0.03 0.04 0.04 0.03 0.03 0.04 0.04 0.06 -9 0.08 0.03 0.07 0.03 0.04 0.14 0.06 0.03 0.03 0.03 0.04 0.09 0.03 0.03 0.04 0.09 -9 -9 -9 -9 0.03 -9 0.05 0.03 -9 0.06 0.03 -9 0.03
-9 -9 -9 -9 -9 -9 0.03 0.04 0.03 0.03 0.04 0.04 0.04 -9 -9 0.03 0.05 0.03 -9 0.05 0.03 0.03 0.03 -9 -9 -9 0.07 0.04 0.03 0.03 1.83 1.82 0.03 0.03 0.03 0.03 0.05 0.03 0.03 0.07 0.03 0.03 0.04 -9 0.03 0.05 0.03 0.03 0.03 -9 0.03 0.03 0.03 -9 -9 0.05 0.04 -9 0.03 0.04 0.07 -9 0.09 0.05 0.03 0.03 0.03 0.06 0.04 0.05 0.03 0.04 0.06 0.03 0.08 0.03 0.05 0.11 -9 0.03 0.03 0.03 0.06 -9 0.03 0.12 0.03 0.03 0.03 0.03 0.03
-9 -9 -9 -9 -9 -9 0.03 0.05 0.03 0.03 0.07 0.05 0.03 0.03 0.03 0.04 0.03 -9 0.05 0.03 -9 0.03 0.08 -9 0.03 0.03 0.05 0.03 0.03 0.03 0.03 1.87 1.83 0.03 0.03 0.03 0.04 -9 -9 0.03 0.1 0.06 0.05 -9 0.03 0.06 -9 -9 0.04 -9 0.03 0.03 0.03 0.05 -9 0.07 0.03 0.03 -9 0.03 0.11 -9 0.08 0.03 -9 -9 -9 0.07 0.03 0.03 0.03 0.03 0.05 0.04 -9 0.04 0.03 0.09 0.03 0.06 -9 0.12 0.04 -9 0.06 0.03 0.04 -9 -9 -9 0.05
-9 -9 -9 -9 -9 -9 0.03 0.04 0.03 0.04 0.04 0.03 0.03 0.03 0.26 0.03 0.04 -9 0.04 0.05 0.03 0.04 0.03 -9 0.04 0.03 0.03 -9 0.04 0.06 1.83 1.83 1.83 1.83 1.83 0.04 0.05 0.03 0.03 0.03 0.04 0.04 0.03 0.03 0.03 0.05 0.04 0.04 0.05 0.03 0.03 -9 -9 -9 0.03 0.03 0.03 0.03 0.03 0.03 0.06 0.03 0.03 0.1 0.03 0.03 0.03 0.06 0.03 -9 -9 0.03 -9 0.05 0.05 0.09 0.03 0.05 0.11 0.03 0.03 0.04 0.03 -9 0.03 -9 0.03 0.03 0.03 0.03 0.03
-9 -9 -9 -9 -9 -9 0.03 0.03 0.03 0.03 0.04 0.03 0.03 0.38 -9 -9 0.03 -9 -9 0.03 0.03 0.15 -9 0.05 0.03 0.03 0.03 0.06 0.1 0.04 0.03 -9 -9 1.83 1.86 0.03 0.04 0.03 0.04 0.03 0.05 0.03 -9 -9 0.04 0.03 0.1 0.03 0.04 0.05 0.05 0.05 -9 0.05 -9 0.15 0.03 0.03 0.03 0.08 0.03 0.03 -9 0.04 0.08 0.09 0.03 -9 -9 0.03 0.06 0.06 0.07 0.05 0.08 0.09 0.03 0.03 0.03 0.07 0.07 0.03 0.03 0.03 0.03 0.03 0.03 0.08 0.14 0.05 0.09
-9 -9 -9 -9 -9 -9 -9 0.03 0.04 0.03 0.03 -9 -9 -9 -9 0.04 0.06 -9 -9 0.04 0.03 -9 0.03 0.05 0.08 0.03 0.03 0.06 -9 0.03 -9 -9 1.81 0.03 1.79 1.84 -9 -9 0.04 0.03 0.1 0.05 0.03 -9 -9 0.03 0.1 -9 0.03 0.06 -9 0.05 -9 0.03 -9 0.04 0.03 0.03 0.03 0.15 0.05 0.03 0.03 0.06 -9 0.03 0.03 0.03 0.07 0.05 0.04 0.03 0.04 0.03 0.08 0.03 0.03 -9 0.03 0.1 0.03 0.03 0.03 0.08 0.06 0.03 0.05 0.03 0.03 0.03 0.03
-9 -9 -9 -9 -9 -9 -9 0.03 0.04 -9 -9 -9 -9 -9 -9 0.03 0.04 0.03 -9 -9 0.04 0.05 0.03 0.03 -9 0.06 0.03 0.06 -9 0.05 0.07 0.06 1.34 1.84 1.84 1.85 1.82 0.03 0.03 0.03 0.07 0.03 0.03 0.03 0.03 0.03 0.1 -9 0.03 0.03 0.06 0.06 0.03 -9 -9 0.05 -9 0.03 0.04 0.09 0.03 -9 -9 0.04 0.05 0.03 0.03 0.03 0.03 0.03 0.03 0.03 0.03 0.05 0.1 0.04 0.03 -9 0.03 0.1 0.03 -9 0.07 -9 -9 -9 0.03 -9 -9 0.03 0.07
-9 -9 -9 -9 -9 -9 -9 -9 0.03 -9 0.04 0.04 -9 0.03 -9 0.03 0.03 -9 0.03 -9 0.04 0.06 0.08 0.04 0.03 0.03 0.03 0.03 -9 0.03 0.03 0.03 0.04 -9 0.03 0.03 1.83 1.83 0.03 0.11 0.06 0.04 0.03 0.03 0.03 0.03 0.14 0.04 -9 -9 0.03 0.04 0.06 0.04 -9 0.03 0.06 0.07 0.08 0.07 0.06 0.03 0.03 0.03 -9 -9 -9 0.06 -9 0.03 0.03 0.04 0.03 0.08 0.03 0.05 -9 0.03 -9 0.09 0.03 0.06 0.06 0.05 0.07 0.03 0.03 0.03 0.05 0.03 0.13
-9 -9 -9 -9 -9 -9 -9 0.03 0.03 0.07 0.03 0.05 -9 -9 -9 0.03 -9 0.03 -9 0.03 -9 0.04 0.03 -9 0.03 0.03 0.04 0.03 -9 0.03 0.03 0.09 0.03 -9 0.03 0.06 0.04 1.34 0.04 0.06 0.03 -9 0.06 0.04 -9 0.03 0.07 0.03 0.09 0.03 0.03 0.03 0.16 0.03 -9 -9 0.04 0.03 0.03 0.11 0.03 0.03 0.12 0.03 0.03 0.03 0.03 0.04 0.03 0.03 0.03 0.03 0.07 0.04 0.03 0.06 0.03 0.03 0.05 0.08 0.08 0.1 0.03 -9 0.07 0.03 0.07 0.06 0.07 0.05 0.05
-9 -9 -9 -9 -9 -9 0.03 0.03 0.03 0.06 -9 0.03 -9 -9 0.07 0.05 0.03 -9 0.07 0.06 -9 0.08 0.05 0.03 -9 -9 0.03 0.08 -9 0.03 0.13 0.03 0.06 -9 0.03 0.06 0.03 1.33 0.03 0.08 0.05 0.03 -9 0.03 0.03 0.03 0.1 0.03 0.03 0.04 0.03 0.04 0.07 0.07 0.07 -9 -9 -9 0.03 0.1 0.03 -9 0.03 0.11 0.03 -9 0.03 0.08 0.09 0.11 0.08 0.06 0.12 0.03 -9 0.06 0.03 -9 0.03 0.05 -9 0.03 0.07 0.03 0.03 0.03 0.03 -9 -9 0.03 0.08
-9 -9 -9 -9 -9 -9 -9 0.03 0.03 0.03 -9 0.04 -9 0.04 0.04 0.05 0.04 0.03 0.04 0.05 0.03 0.09 0.03 0.09 0.06 0.03 0.04 0.06 0.09 0.11 0.06 0.03 -9 0.04 0.05 0.04 0.03 0.05 0.04 0.03 0.11 0.03 -9 0.07 -9 0.07 0.04 -9 -9 0.03 0.03 0.03 0.06 0.03 -9 0.04 0.03 -9 0.03 0.08 0.09 -9 0.03 0.08 0.06 0.03 0.03 0.06 0.03 0.03 -9 0.03 0.09 0.04 0.03 -9 0.03 0.03 0.04 0.1 0.03 0.03 0.03 0.06 -9 0.03 0.03 0.05 0.03 0.03 0.14
-9 -9 -9 -9 -9 -9 -9 -9 0.03 0.03 0.03 0.03 -9 0.06 0.03 -9 0.08 0.03 0.03 0.05 0.06 0.09 0.03 0.04 -9 0.03 0.04 -9 -9 0.05 0.03 -9 0.03 0.12 -9 -9 -9 0.03 0.11 0.04 0.03 0.08 0.05 0.03 0.03 0.03 0.08 0.04 0.1 0.06 -9 -9 0.03 0.04 -9 0.12 -9 0.03 0.05 0.07 0.03 0.05 0.03 0.05 0.03 0.07 0.03 0.05 -9 0.03 -9 0.03 0.06 0.03 0.04 0.03 0.04 0.04 0.06 0.03 -9 0.03 0.03 0.09 0.05 0.05 -9 0.03 0.03 0.09 0.03
-9 -9 -9 -9 -9 -9 -9 -9 0.03 0.03 -9 0.06 -9 0.03 -9 -9 0.05 0.03 0.04 -9 0.03 -9 0.03 0.03 0.03 0.05 -9 0.03 -9 0.07 0.03 0.1 0.05 -9 0.03 -9 0.04 0.04 0.05 0.06 -9 0.03 0.05 0.03 -9 -9 -9 0.04 0.03 0.04 -9 0.03 0.07 0.1 -9 0.04 0.06 0.03 0.04 0.03 0.09 -9 0.05 0.04 0.03 0.03 0.03 0.06 -9 0.03 0.05 0.12 0.04 -9 0.03 0.03 -9 0.03 0.14 0.04 -9 0.04 0.03 0.03 -9 -9 0.03 0.04 0.08 0.05 0.03
-9 -9 -9 -9 -9 -9 -9 -9 0.03 0.03 -9 0.03 0.06 0.05 0.04 0.03 0.06 0.03 0.03 0.08 0.03 -9 -9 0.03 0.07 0.09 -9 0.03 0.04 0.03 0.03 0.06 -9 0.03 0.03 -9 -9 -9 0.03 0.09 0.03 -9 0.03 -9 0.03 0.06 -9 0.03 -9 0.03 0.03 0.04 -9 0.09 0.03 0.03 0.08 -9 0.03 0.03 0.09 0.03 0.05 0.03 -9 0.07 0.08 0.05 0.03 0.05 0.03 0.07 0.03 -9 0.05 -9 0.03 0.04 0.09 0.07 0.05 0.12 0.04 0.05 0.07 0.03 0.04 0.03 0.1 0.03 0.03
-9 -9 -9 -9 -9 -9 -9 -9 -9 -9 0.04 0.03 0.03 0.03 -9 -9 0.03 0.03 -9 0.03 0.05 0.06 0.03 -9 0.03 0.04 0.07 0.03 0.06 0.03 0.03 0.04 -9 0.03 0.09 0.04 0.03 0.03 0.06 0.08 0.04 0.03 0.03 0.03 0.05 0.03 0.03 0.03 -9 0.03 0.11 -9 -9 0.04 0.07 -9 0.05 0.04 0.03 0.05 0.06 0.03 0.03 0.05 0.05 0.05 0.03 0.03 0.03 0.03 0.03 0.07 0.11 0.06 0.05 0.03 -9 0.06 0.06 0.03 -9 0.03 0.08 0.03 0.04 -9 0.03 0.03 0.16 0.03 0.03
-9 -9 -9 -9 -9 -9 -9 -9 -9 0.04 0.04 -9 0.05 0.04 0.07 0.04 0.03 0.03 0.03 0.03 0.12 -9 -9 0.05 0.03 -9 0.1 0.03 0.1 -9 0.03 0.03 0.05 -9 -9 0.03 0.06 0.08 0.03 0.03 0.09 0.08 0.09 0.1 0.09 0.04 -9 0.06 0.03 0.03 0.05 0.03 0.05 -9 0.03 -9 -9 0.03 0.03 0.03 0.03 -9 0.03 -9 0.03 0.03 0.03 0.03 0.03 0.03 0.03 0.06 0.03 0.03 -9 0.03 0.1 -9 -9 0.05 0.03 0.03 0.06 0.03 0.03 0.03 -9 0.1 0.04 0.03 -9
-9 -9 -9 -9 -9 -9 -9 -9 0.04 -9 0.03 -9 0.05 0.05 -9 0.04 -9 0.04 0.1 0.04 0.03 0.05 0.03 -9 0.05 0.03 0.05 0.03 0.05 0.05 0.03 0.07 0.08 0.13 0.05 0.08 0.1 0.04 0.03 0.04 0.07 0.03 0.03 0.03 -9 0.08 0.11 -9 0.03 0.07 -9 0.11 0.03 -9 0.1 0.08 -9 -9 -9 -9 -9 -9 -9 -9 -9 0.03 0.04 0.03 0.04 0.06 0.06 0.12 0.04 0.03 0.03 0.03 0.07 -9 0.03 0.11 0.04 0.03 0.05 0.06 0.04 -9 0.03 0.09 0.03 0.03 -9
-9 -9 -9 -9 -9 -9 -9 -9 -9 0.03 0.03 0.03 0.04 0.03 0.03 0.07 0.08 0.03 0.03 -9 0.03 0.09 0.07 0.03 0.04 0.09 0.08 0.03 -9 -9 0.03 0.06 0.03 0.04 -9 -9 0.04 -9 0.04 0.03 0.1 0.03 0.03 0.07 0.03 0.03 0.04 0.06 0.03 -9 0.03 0.04 -9 0.03 0.03 0.03 0.03 -9 -9 -9 -9 -9 -9 -9 -9 -9 0.08 0.05 0.12 0.04 0.03 0.06 0.06 0.03 -9 0.03 0.06 0.03 0.03 0.03 0.03 0.03 -9 0.14 0.05 0.03 0.03 0.08 0.03 0.03 0.03
